0 0.9134615385 0.1274038462 0.0721153846 0.0432692308
0 0.8870192308 0.1730769231 0.0576923077 0.0480769231
0 0.9495192308 0.2512019231 0.0865384615 0.0697115385
0 0.8281250000 0.3401442308 0.0697115385 0.0600961538
0 0.7560096154 0.3149038462 0.0504807692 0.0576923077
0 0.7235576923 0.2091346154 0.0480769231 0.0528846154
0 0.7307692308 0.1286057692 0.0625000000 0.0504807692
0 0.7644230769 0.0853365385 0.0769230769 0.0504807692
0 0.6153846154 0.0168269231 0.0480769231 0.0336538462
0 0.5865384615 0.1009615385 0.0576923077 0.0721153846
0 0.4975961538 0.0564903846 0.0432692308 0.0552884615
0 0.4447115385 0.0961538462 0.0528846154 0.0432692308
0 0.6262019231 0.1718750000 0.0360576923 0.0504807692
0 0.5985576923 0.2728365385 0.0528846154 0.0456730769
0 0.9471153846 0.3317307692 0.0480769231 0.0528846154
0 0.9831730769 0.7968750000 0.0336538462 0.0552884615
0 0.8581730769 0.7944711538 0.0480769231 0.0408653846
0 0.8701923077 0.6033653846 0.0576923077 0.0625000000
0 0.9615384615 0.5120192308 0.0528846154 0.0384615385
0 0.8737980769 0.5180288462 0.0841346154 0.0889423077
0 0.7644230769 0.5048076923 0.0625000000 0.0576923077
0 0.3774038462 0.3064903846 0.0480769231 0.0360576923
0 0.2692307692 0.4194711538 0.0576923077 0.0745192308
0 0.0853365385 0.3040865385 0.0600961538 0.0504807692
0 0.3882211538 0.3990384615 0.0504807692 0.0721153846
0 0.4362980769 0.4134615385 0.0456730769 0.0432692308
0 0.3461538462 0.4723557692 0.1105769231 0.0745192308
0 0.4483173077 0.5336538462 0.1033653846 0.0961538462
0 0.4002403846 0.6250000000 0.0552884615 0.0865384615
0 0.3605769231 0.5492788462 0.0384615385 0.0456730769
0 0.2764423077 0.5444711538 0.1057692308 0.0600961538
0 0.5576923077 0.5889423077 0.0961538462 0.1105769231
0 0.5540865385 0.4266826923 0.1177884615 0.0937500000
0 0.4447115385 0.4495192308 0.0769230769 0.0480769231
0 0.5997596154 0.3281250000 0.1274038462 0.0793269231
0 0.7692307692 0.6502403846 0.1250000000 0.0841346154
