0 0.2199519231 0.1201923077 0.2331730769 0.1057692308
0 0.4939903846 0.2620192308 0.2331730769 0.1346153846
0 0.6562500000 0.3762019231 0.1298076923 0.2043269231
0 0.7908653846 0.4338942308 0.1394230769 0.2043269231
0 0.9375000000 0.5240384615 0.1153846154 0.2115384615
0 0.5564903846 0.5685096154 0.2283653846 0.1610576923
0 0.8185096154 0.7848557692 0.2331730769 0.1706730769
0 0.7788461538 0.1766826923 0.1009615385 0.2235576923
0 0.5216346154 0.1033653846 0.2163461538 0.0961538462
0 0.9242788462 0.0781250000 0.1514423077 0.1129807692
