0 0.4254807692 0.7211538462 0.0336538462 0.0384615385
0 0.3641826923 0.7283653846 0.0360576923 0.0288461538
0 0.3149038462 0.6141826923 0.0288461538 0.0312500000
0 0.2968750000 0.5805288462 0.0360576923 0.0312500000
0 0.4423076923 0.6201923077 0.0336538462 0.0336538462
0 0.5252403846 0.6358173077 0.0264423077 0.0312500000
0 0.5468750000 0.7812500000 0.0408653846 0.0384615385
0 0.1454326923 0.7343750000 0.0456730769 0.0456730769
0 0.1009615385 0.7343750000 0.0384615385 0.0456730769
0 0.0516826923 0.5985576923 0.0456730769 0.0480769231
0 0.1790865385 0.5841346154 0.0408653846 0.0384615385
0 0.3076923077 0.6538461538 0.0432692308 0.0336538462
0 0.1826923077 0.8389423077 0.0384615385 0.0384615385
0 0.1406250000 0.8497596154 0.0360576923 0.0408653846
0 0.2475961538 0.8786057692 0.0336538462 0.0504807692
0 0.1983173077 0.9062500000 0.0504807692 0.0480769231
0 0.2692307692 0.9375000000 0.0480769231 0.0384615385
0 0.3713942308 0.8882211538 0.0504807692 0.0456730769
0 0.3750000000 0.9302884615 0.0432692308 0.0432692308
0 0.5853365385 0.9843750000 0.0264423077 0.0312500000
0 0.7163461538 0.9387019231 0.0432692308 0.0408653846
0 0.8449519231 0.9663461538 0.0408653846 0.0625000000
0 0.0973557692 0.3509615385 0.0408653846 0.0336538462
0 0.1382211538 0.3774038462 0.0312500000 0.0384615385
0 0.2151442308 0.3257211538 0.0408653846 0.0360576923
0 0.8701923077 0.6826923077 0.0240384615 0.0384615385
0 0.6634615385 0.5084134615 0.0288461538 0.0408653846
0 0.5853365385 0.4699519231 0.0264423077 0.0408653846
0 0.5468750000 0.4543269231 0.0312500000 0.0336538462
0 0.6165865385 0.3894230769 0.0264423077 0.0384615385
0 0.6358173077 0.3209134615 0.0312500000 0.0360576923
0 0.6382211538 0.1298076923 0.0360576923 0.0336538462
0 0.6862980769 0.1298076923 0.0312500000 0.0480769231
0 0.5360576923 0.2548076923 0.0384615385 0.0432692308
0 0.3521634615 0.0805288462 0.0360576923 0.0408653846
0 0.1622596154 0.0853365385 0.0408653846 0.0456730769
0 0.0661057692 0.1189903846 0.0264423077 0.0408653846
0 0.0564903846 0.0612980769 0.0360576923 0.0360576923
