0 0.2331730769 0.7319711538 0.0336538462 0.0360576923
0 0.2475961538 0.6875000000 0.0432692308 0.0336538462
0 0.1718750000 0.6983173077 0.0408653846 0.0408653846
0 0.1646634615 0.7403846154 0.0456730769 0.0384615385
0 0.2127403846 0.7740384615 0.0264423077 0.0384615385
0 0.2656250000 0.6021634615 0.0312500000 0.0408653846
0 0.2836538462 0.5600961538 0.0432692308 0.0432692308
0 0.3497596154 0.5745192308 0.0360576923 0.0240384615
0 0.2788461538 0.6634615385 0.0336538462 0.0288461538
0 0.4170673077 0.5516826923 0.0312500000 0.0264423077
0 0.3750000000 0.5012019231 0.0528846154 0.0360576923
0 0.5324519231 0.5144230769 0.0456730769 0.0384615385
0 0.6298076923 0.5468750000 0.0384615385 0.0456730769
0 0.5673076923 0.4086538462 0.0432692308 0.0384615385
0 0.6694711538 0.4471153846 0.0456730769 0.0432692308
0 0.6971153846 0.3966346154 0.0384615385 0.0528846154
0 0.6598557692 0.3918269231 0.0360576923 0.0336538462
0 0.8353365385 0.4350961538 0.0408653846 0.0480769231
0 0.8942307692 0.4014423077 0.0336538462 0.0336538462
0 0.8497596154 0.3786057692 0.0360576923 0.0312500000
0 0.3209134615 0.9314903846 0.0312500000 0.0312500000
0 0.4098557692 0.8954326923 0.0312500000 0.0312500000
0 0.6069711538 0.9158653846 0.0312500000 0.0384615385
0 0.0324519231 0.9855769231 0.0408653846 0.0240384615
0 0.2067307692 0.5637019231 0.0288461538 0.0360576923
0 0.6466346154 0.0600961538 0.0384615385 0.0384615385
0 0.6225961538 0.0144230769 0.0240384615 0.0288461538
0 0.5769230769 0.0793269231 0.0288461538 0.0432692308
0 0.4375000000 0.0216346154 0.0240384615 0.0432692308
0 0.7175480769 0.0937500000 0.0360576923 0.0528846154
0 0.6850961538 0.1153846154 0.0336538462 0.0384615385
0 0.6610576923 0.1742788462 0.0480769231 0.0312500000
0 0.6237980769 0.2223557692 0.0408653846 0.0504807692
0 0.7463942308 0.1959134615 0.0264423077 0.0360576923
0 0.7427884615 0.2451923077 0.0336538462 0.0336538462
0 0.8257211538 0.1406250000 0.0360576923 0.0264423077
0 0.8064903846 0.0336538462 0.0456730769 0.0384615385
0 0.8701923077 0.1850961538 0.0384615385 0.0336538462
0 0.8978365385 0.2187500000 0.0360576923 0.0432692308
0 0.9531250000 0.2692307692 0.0312500000 0.0432692308
0 0.9266826923 0.2812500000 0.0360576923 0.0384615385
0 0.7824519231 0.3413461538 0.0264423077 0.0240384615
0 0.5793269231 0.3485576923 0.0384615385 0.0240384615
0 0.5552884615 0.3545673077 0.0240384615 0.0312500000
