0 0.9038461538 0.0492788462 0.0480769231 0.0408653846
0 0.0709134615 0.0528846154 0.0456730769 0.0480769231
0 0.1766826923 0.2560096154 0.0360576923 0.0456730769
0 0.2271634615 0.2319711538 0.0408653846 0.0504807692
0 0.3774038462 0.2355769231 0.0384615385 0.0480769231
0 0.5204326923 0.0805288462 0.0456730769 0.0504807692
0 0.5961538462 0.1622596154 0.0480769231 0.0889423077
0 0.7331730769 0.1923076923 0.0432692308 0.0480769231
0 0.4843750000 0.3870192308 0.0456730769 0.0432692308
0 0.4507211538 0.3449519231 0.0360576923 0.0312500000
0 0.3581730769 0.5709134615 0.0432692308 0.0456730769
0 0.2379807692 0.5769230769 0.0480769231 0.0576923077
0 0.2307692308 0.4879807692 0.0480769231 0.0432692308
0 0.1658653846 0.4663461538 0.0480769231 0.0673076923
0 0.3028846154 0.6334134615 0.0769230769 0.0504807692
0 0.1959134615 0.6406250000 0.0408653846 0.0360576923
0 0.2379807692 0.6911057692 0.0480769231 0.0456730769
0 0.0216346154 0.7752403846 0.0432692308 0.0745192308
0 0.0961538462 0.8641826923 0.0769230769 0.0600961538
0 0.1081730769 0.9399038462 0.0528846154 0.0480769231
0 0.0612980769 0.9771634615 0.0360576923 0.0456730769
0 0.0192307692 0.3882211538 0.0384615385 0.0937500000
0 0.7427884615 0.8112980769 0.0384615385 0.0552884615
0 0.7019230769 0.8449519231 0.0625000000 0.0456730769
0 0.6057692308 0.9543269231 0.0913461538 0.0625000000
0 0.5685096154 0.8725961538 0.0408653846 0.0432692308
0 0.6033653846 0.7956730769 0.0480769231 0.0432692308
0 0.8173076923 0.8569711538 0.0432692308 0.0504807692
0 0.7584134615 0.5552884615 0.0408653846 0.0336538462
0 0.7451923077 0.5132211538 0.0576923077 0.0408653846
0 0.5685096154 0.5468750000 0.0456730769 0.0552884615
0 0.9086538462 0.5829326923 0.0432692308 0.0456730769
0 0.9831730769 0.5612980769 0.0336538462 0.0456730769
