0 0.4206730769 0.1478365385 0.0817307692 0.0697115385
0 0.5312500000 0.2487980769 0.0721153846 0.1081730769
0 0.7812500000 0.2283653846 0.0673076923 0.0961538462
0 0.7079326923 0.1718750000 0.0552884615 0.0841346154
0 0.7932692308 0.4675480769 0.0769230769 0.0793269231
0 0.9615384615 0.3882211538 0.0769230769 0.0841346154
0 0.6887019231 0.5901442308 0.0600961538 0.0600961538
0 0.7524038462 0.6442307692 0.0625000000 0.0432692308
0 0.7139423077 0.6766826923 0.0673076923 0.0600961538
0 0.7379807692 0.5180288462 0.0721153846 0.0600961538
0 0.9711538462 0.6850961538 0.0576923077 0.0817307692
0 0.5865384615 0.7956730769 0.0576923077 0.0625000000
0 0.7295673077 0.7668269231 0.0552884615 0.0961538462
0 0.6730769231 0.8293269231 0.0432692308 0.0480769231
0 0.7860576923 0.9326923077 0.0865384615 0.1346153846
0 0.7848557692 0.7247596154 0.0697115385 0.0889423077
0 0.5372596154 0.9375000000 0.0600961538 0.1153846154
0 0.7103365385 0.9447115385 0.0600961538 0.0769230769
