0 0.3437500000 0.0180288462 0.0384615385 0.0360576923
0 0.4074519231 0.0901442308 0.0312500000 0.0456730769
0 0.3894230769 0.0564903846 0.0288461538 0.0456730769
0 0.3497596154 0.0588942308 0.0456730769 0.0408653846
0 0.3305288462 0.0985576923 0.0408653846 0.0240384615
0 0.5000000000 0.0120192308 0.0528846154 0.0240384615
0 0.3954326923 0.0228365385 0.0600961538 0.0408653846
0 0.3137019231 0.0733173077 0.0408653846 0.0312500000
0 0.6418269231 0.0877403846 0.0432692308 0.0312500000
0 0.6562500000 0.0168269231 0.0432692308 0.0336538462
0 0.6887019231 0.0276442308 0.0360576923 0.0552884615
0 0.5721153846 0.0528846154 0.0432692308 0.0384615385
0 0.5432692308 0.0781250000 0.0240384615 0.0504807692
0 0.5709134615 0.1033653846 0.0456730769 0.0480769231
0 0.5108173077 0.0841346154 0.0360576923 0.0432692308
0 0.5889423077 0.0204326923 0.0480769231 0.0264423077
0 0.6947115385 0.0745192308 0.0432692308 0.0480769231
0 0.7584134615 0.0949519231 0.0456730769 0.0360576923
0 0.7800480769 0.0793269231 0.0312500000 0.0384615385
0 0.8353365385 0.0408653846 0.0504807692 0.0480769231
0 0.7235576923 0.0829326923 0.0240384615 0.0360576923
0 0.8737980769 0.0793269231 0.0456730769 0.0384615385
0 0.9651442308 0.0877403846 0.0408653846 0.0312500000
0 0.9254807692 0.0216346154 0.0528846154 0.0288461538
0 0.3617788462 0.1406250000 0.0745192308 0.0504807692
0 0.3846153846 0.2151442308 0.0432692308 0.0456730769
0 0.3209134615 0.2199519231 0.0456730769 0.0408653846
0 0.4831730769 0.1478365385 0.0480769231 0.0312500000
0 0.4302884615 0.2199519231 0.0384615385 0.0552884615
0 0.5408653846 0.1730769231 0.0336538462 0.0528846154
0 0.6598557692 0.2379807692 0.0264423077 0.0480769231
0 0.5600961538 0.2151442308 0.0336538462 0.0504807692
0 0.6286057692 0.2331730769 0.0360576923 0.0432692308
0 0.6838942308 0.1983173077 0.0408653846 0.0360576923
0 0.6526442308 0.1838942308 0.0360576923 0.0456730769
0 0.6141826923 0.1706730769 0.0600961538 0.0384615385
0 0.6814903846 0.1478365385 0.0456730769 0.0264423077
0 0.6370192308 0.1298076923 0.0432692308 0.0432692308
0 0.5072115385 0.1237980769 0.0384615385 0.0408653846
0 0.7752403846 0.2103365385 0.0456730769 0.0264423077
0 0.7596153846 0.1346153846 0.0480769231 0.0240384615
0 0.7019230769 0.2235576923 0.0528846154 0.0288461538
0 0.7908653846 0.2355769231 0.0480769231 0.0240384615
0 0.8245192308 0.2103365385 0.0240384615 0.0552884615
0 0.8822115385 0.1838942308 0.0480769231 0.0360576923
0 0.8629807692 0.2403846154 0.0480769231 0.0384615385
0 0.6995192308 0.1622596154 0.0480769231 0.0360576923
0 0.7451923077 0.1959134615 0.0336538462 0.0504807692
0 0.8076923077 0.1298076923 0.0576923077 0.0240384615
0 0.7596153846 0.1610576923 0.0480769231 0.0336538462
0 0.9735576923 0.2055288462 0.0480769231 0.0360576923
0 0.9122596154 0.2319711538 0.0504807692 0.0312500000
0 0.9350961538 0.1875000000 0.0528846154 0.0288461538
0 0.9459134615 0.1418269231 0.0264423077 0.0480769231
0 0.9771634615 0.1250000000 0.0408653846 0.0432692308
0 0.8906250000 0.1225961538 0.0456730769 0.0432692308
0 0.9819711538 0.1850961538 0.0360576923 0.0432692308
0 0.4158653846 0.2956730769 0.0432692308 0.0288461538
0 0.3966346154 0.3137019231 0.0432692308 0.0360576923
0 0.4074519231 0.3629807692 0.0504807692 0.0240384615
0 0.4555288462 0.2812500000 0.0456730769 0.0432692308
0 0.4951923077 0.2848557692 0.0432692308 0.0264423077
0 0.4939903846 0.2608173077 0.0456730769 0.0264423077
0 0.3762019231 0.2740384615 0.0408653846 0.0432692308
0 0.3557692308 0.3016826923 0.0480769231 0.0264423077
0 0.3112980769 0.2896634615 0.0456730769 0.0408653846
0 0.4567307692 0.3293269231 0.0480769231 0.0336538462
0 0.4819711538 0.3870192308 0.0312500000 0.0432692308
0 0.5600961538 0.3713942308 0.0432692308 0.0264423077
0 0.5721153846 0.2728365385 0.0480769231 0.0312500000
0 0.5625000000 0.3100961538 0.0480769231 0.0336538462
0 0.6045673077 0.2908653846 0.0312500000 0.0384615385
0 0.6310096154 0.2920673077 0.0360576923 0.0408653846
0 0.6706730769 0.2848557692 0.0480769231 0.0408653846
0 0.5324519231 0.2716346154 0.0360576923 0.0432692308
0 0.5985576923 0.3798076923 0.0336538462 0.0336538462
0 0.6658653846 0.3425480769 0.0384615385 0.0504807692
0 0.5192307692 0.3774038462 0.0384615385 0.0480769231
0 0.6165865385 0.3473557692 0.0312500000 0.0456730769
0 0.5781250000 0.3401442308 0.0456730769 0.0312500000
0 0.5661057692 0.3557692308 0.0408653846 0.0240384615
0 0.7992788462 0.3701923077 0.0408653846 0.0384615385
0 0.8088942308 0.2728365385 0.0504807692 0.0408653846
0 0.7247596154 0.2812500000 0.0312500000 0.0336538462
0 0.7487980769 0.2680288462 0.0504807692 0.0264423077
0 0.6971153846 0.3461538462 0.0288461538 0.0432692308
0 0.7127403846 0.3677884615 0.0504807692 0.0336538462
0 0.8377403846 0.3437500000 0.0504807692 0.0480769231
0 0.8653846154 0.3810096154 0.0384615385 0.0360576923
0 0.8786057692 0.3557692308 0.0312500000 0.0480769231
0 0.9074519231 0.3533653846 0.0408653846 0.0288461538
0 0.9266826923 0.3317307692 0.0504807692 0.0336538462
0 0.9399038462 0.2788461538 0.0480769231 0.0528846154
0 0.9843750000 0.2980769231 0.0312500000 0.0528846154
0 0.6838942308 0.4567307692 0.0552884615 0.0288461538
0 0.5805288462 0.4338942308 0.0312500000 0.0456730769
0 0.5540865385 0.4242788462 0.0360576923 0.0408653846
0 0.6298076923 0.4939903846 0.0288461538 0.0456730769
0 0.6935096154 0.5036057692 0.0504807692 0.0264423077
0 0.6802884615 0.4146634615 0.0528846154 0.0312500000
0 0.6322115385 0.4278846154 0.0288461538 0.0576923077
0 0.7031250000 0.3930288462 0.0504807692 0.0264423077
0 0.7403846154 0.4110576923 0.0480769231 0.0288461538
0 0.6935096154 0.4819711538 0.0456730769 0.0264423077
0 0.7500000000 0.5012019231 0.0480769231 0.0264423077
0 0.8233173077 0.4218750000 0.0504807692 0.0312500000
0 0.7956730769 0.4074519231 0.0432692308 0.0264423077
0 0.8173076923 0.4759615385 0.0480769231 0.0480769231
0 0.7187500000 0.4435096154 0.0240384615 0.0408653846
0 0.8281250000 0.4002403846 0.0456730769 0.0264423077
0 0.9639423077 0.4747596154 0.0336538462 0.0312500000
0 0.9531250000 0.3942307692 0.0552884615 0.0288461538
0 0.9266826923 0.4314903846 0.0312500000 0.0456730769
0 0.9098557692 0.5384615385 0.0264423077 0.0432692308
0 0.9459134615 0.5600961538 0.0408653846 0.0432692308
0 0.9807692308 0.6105769231 0.0384615385 0.0288461538
0 0.7367788462 0.9579326923 0.1033653846 0.0841346154
0 0.9399038462 0.7824519231 0.0432692308 0.0552884615
