0 0.0228365385 0.4194711538 0.0360576923 0.0408653846
0 0.0925480769 0.4362980769 0.0312500000 0.0408653846
0 0.1298076923 0.3677884615 0.0384615385 0.0528846154
0 0.1310096154 0.4459134615 0.0456730769 0.0360576923
0 0.0336538462 0.3653846154 0.0432692308 0.0384615385
0 0.1262019231 0.3341346154 0.0649038462 0.0336538462
0 0.0588942308 0.4579326923 0.0360576923 0.0312500000
0 0.0252403846 0.4627403846 0.0312500000 0.0312500000
0 0.0721153846 0.4411057692 0.0336538462 0.0360576923
0 0.1538461538 0.4194711538 0.0432692308 0.0312500000
0 0.3016826923 0.4206730769 0.0504807692 0.0576923077
0 0.2451923077 0.4399038462 0.0336538462 0.0384615385
0 0.2211538462 0.4122596154 0.0480769231 0.0312500000
0 0.1971153846 0.4050480769 0.0384615385 0.0264423077
0 0.2055288462 0.3762019231 0.0408653846 0.0456730769
0 0.0769230769 0.4867788462 0.0336538462 0.0360576923
0 0.1189903846 0.4759615385 0.0456730769 0.0240384615
0 0.1346153846 0.6009615385 0.0384615385 0.0288461538
0 0.1105769231 0.5528846154 0.0336538462 0.0336538462
0 0.1021634615 0.5132211538 0.0408653846 0.0408653846
0 0.0528846154 0.5480769231 0.0288461538 0.0528846154
0 0.0204326923 0.5709134615 0.0408653846 0.0312500000
0 0.0276442308 0.6081730769 0.0312500000 0.0336538462
0 0.0192307692 0.5396634615 0.0384615385 0.0360576923
0 0.2487980769 0.5216346154 0.0264423077 0.0865384615
0 0.1430288462 0.4879807692 0.0360576923 0.0240384615
0 0.2007211538 0.4723557692 0.0360576923 0.0312500000
0 0.1658653846 0.5480769231 0.0336538462 0.0336538462
0 0.2139423077 0.5204326923 0.0336538462 0.0360576923
0 0.2079326923 0.5889423077 0.0408653846 0.0384615385
0 0.1502403846 0.5805288462 0.0360576923 0.0264423077
0 0.3100961538 0.5396634615 0.0384615385 0.0264423077
0 0.3052884615 0.5192307692 0.0384615385 0.0240384615
0 0.2487980769 0.5805288462 0.0408653846 0.0408653846
0 0.2740384615 0.5036057692 0.0288461538 0.0360576923
0 0.3557692308 0.6045673077 0.0336538462 0.0456730769
0 0.0504807692 0.6466346154 0.0288461538 0.0384615385
0 0.0612980769 0.6201923077 0.0456730769 0.0336538462
0 0.0264423077 0.6490384615 0.0288461538 0.0480769231
0 0.0516826923 0.6850961538 0.0456730769 0.0384615385
0 0.1033653846 0.7415865385 0.0480769231 0.0408653846
0 0.0132211538 0.7007211538 0.0264423077 0.0456730769
0 0.2980769231 0.6646634615 0.0288461538 0.0408653846
0 0.2043269231 0.7055288462 0.0432692308 0.0552884615
0 0.1562500000 0.6935096154 0.0336538462 0.0504807692
0 0.3076923077 0.7115384615 0.0288461538 0.0432692308
0 0.1586538462 0.6430288462 0.0240384615 0.0360576923
0 0.1670673077 0.6105769231 0.0312500000 0.0336538462
0 0.3509615385 0.6466346154 0.0480769231 0.0288461538
0 0.0985576923 0.8088942308 0.0240384615 0.0408653846
0 0.1322115385 0.8149038462 0.0432692308 0.0480769231
0 0.0673076923 0.8209134615 0.0432692308 0.0408653846
0 0.0540865385 0.8605769231 0.0264423077 0.0480769231
0 0.0168269231 0.8389423077 0.0336538462 0.0336538462
0 0.0841346154 0.8521634615 0.0336538462 0.0408653846
0 0.1081730769 0.8533653846 0.0384615385 0.0336538462
0 0.1141826923 0.8737980769 0.0504807692 0.0408653846
0 0.0540865385 0.8954326923 0.0360576923 0.0264423077
0 0.2343750000 0.8353365385 0.0312500000 0.0360576923
0 0.1838942308 0.8125000000 0.0312500000 0.0480769231
0 0.1971153846 0.7584134615 0.0384615385 0.0264423077
0 0.2692307692 0.8353365385 0.0288461538 0.0889423077
0 0.2139423077 0.8377403846 0.0336538462 0.0408653846
0 0.1634615385 0.8750000000 0.0288461538 0.0480769231
0 0.2055288462 0.7932692308 0.0312500000 0.0336538462
0 0.2331730769 0.8040865385 0.0240384615 0.0360576923
0 0.1129807692 0.9651442308 0.0480769231 0.0264423077
0 0.0216346154 0.9230769231 0.0336538462 0.0384615385
0 0.0216346154 0.9615384615 0.0240384615 0.0288461538
0 0.1213942308 0.9290865385 0.0504807692 0.0264423077
0 0.1911057692 0.9579326923 0.0456730769 0.0504807692
0 0.1995192308 0.9002403846 0.0576923077 0.0264423077
0 0.1490384615 0.9615384615 0.0288461538 0.0336538462
0 0.2415865385 0.9483173077 0.0408653846 0.0408653846
