0 0.8064903846 0.9362980769 0.0408653846 0.0504807692
0 0.0721153846 0.6887019231 0.0288461538 0.0408653846
0 0.2175480769 0.4759615385 0.0264423077 0.0288461538
0 0.2031250000 0.4387019231 0.0312500000 0.0408653846
0 0.3990384615 0.3064903846 0.0288461538 0.0408653846
0 0.8509615385 0.4290865385 0.0384615385 0.0360576923
0 0.9122596154 0.4110576923 0.0408653846 0.0336538462
0 0.9555288462 0.4579326923 0.0408653846 0.0504807692
0 0.6466346154 0.5877403846 0.0576923077 0.0264423077
0 0.5649038462 0.5709134615 0.0480769231 0.0312500000
0 0.5901442308 0.0576923077 0.0312500000 0.0336538462
0 0.5925480769 0.0216346154 0.0312500000 0.0384615385
0 0.6766826923 0.1971153846 0.0312500000 0.0384615385
0 0.7259615385 0.1057692308 0.0288461538 0.0336538462
0 0.7632211538 0.1514423077 0.0264423077 0.0384615385
0 0.8052884615 0.2271634615 0.0240384615 0.0312500000
0 0.8161057692 0.0901442308 0.0312500000 0.0408653846
0 0.8461538462 0.0913461538 0.0288461538 0.0336538462
0 0.8569711538 0.0492788462 0.0264423077 0.0408653846
0 0.8004807692 0.1935096154 0.0240384615 0.0360576923
