0 0.2992788462 0.1165865385 0.0841346154 0.0889423077
0 0.5949519231 0.1141826923 0.1225961538 0.0793269231
0 0.0132211538 0.4675480769 0.0264423077 0.0793269231
0 0.1622596154 0.3882211538 0.0889423077 0.0841346154
0 0.1730769231 0.6850961538 0.0721153846 0.0817307692
0 0.3990384615 0.5216346154 0.0576923077 0.0961538462
0 0.4459134615 0.6406250000 0.0841346154 0.0937500000
0 0.3365384615 0.6286057692 0.0721153846 0.0841346154
0 0.0120192308 0.9326923077 0.0240384615 0.1346153846
0 0.2319711538 0.9326923077 0.0600961538 0.1009615385
0 0.2896634615 0.7992788462 0.0552884615 0.0889423077
0 0.3425480769 0.8533653846 0.0745192308 0.0625000000
0 0.4711538462 0.8509615385 0.0673076923 0.0817307692
0 0.4507211538 0.7524038462 0.0697115385 0.0913461538
0 0.3966346154 0.9062500000 0.0961538462 0.0528846154
0 0.3870192308 0.9735576923 0.0576923077 0.0528846154
0 0.4543269231 0.9855769231 0.0673076923 0.0288461538
