0 0.6298076923 0.0264423077 0.0336538462 0.0384615385
0 0.5192307692 0.0348557692 0.0336538462 0.0264423077
0 0.7235576923 0.0721153846 0.0240384615 0.0288461538
0 0.5504807692 0.1742788462 0.0288461538 0.0264423077
0 0.0829326923 0.2295673077 0.0312500000 0.0408653846
0 0.7500000000 0.5168269231 0.0336538462 0.0336538462
0 0.7463942308 0.3810096154 0.0264423077 0.0264423077
0 0.8545673077 0.6346153846 0.0264423077 0.0384615385
0 0.8870192308 0.6201923077 0.0288461538 0.0384615385
0 0.9651442308 0.6466346154 0.0360576923 0.0288461538
0 0.8942307692 0.8894230769 0.0336538462 0.0432692308
0 0.7223557692 0.6826923077 0.0312500000 0.0288461538
0 0.5925480769 0.6718750000 0.0312500000 0.0360576923
0 0.5312500000 0.6430288462 0.0240384615 0.0360576923
0 0.4759615385 0.6189903846 0.0288461538 0.0360576923
