0 0.6298076923 0.7836538462 0.0336538462 0.0384615385
0 0.5192307692 0.7920673077 0.0336538462 0.0264423077
0 0.7235576923 0.8293269231 0.0240384615 0.0288461538
0 0.5504807692 0.9314903846 0.0288461538 0.0264423077
0 0.6814903846 0.5985576923 0.0360576923 0.0288461538
0 0.4026442308 0.5685096154 0.0360576923 0.0312500000
0 0.4375000000 0.3221153846 0.0432692308 0.0288461538
0 0.4639423077 0.2427884615 0.0336538462 0.0384615385
0 0.5600961538 0.2956730769 0.0288461538 0.0384615385
0 0.7187500000 0.2776442308 0.0384615385 0.0360576923
0 0.6875000000 0.1838942308 0.0432692308 0.0312500000
0 0.5769230769 0.1370192308 0.0288461538 0.0432692308
0 0.3858173077 0.3990384615 0.0264423077 0.0288461538
0 0.0829326923 0.9831730769 0.0312500000 0.0336538462
