0 0.0781250000 0.4842105263 0.0841346154 0.1105263158
0 0.3329326923 0.4789473684 0.0745192308 0.1000000000
0 0.1466346154 0.7157894737 0.0817307692 0.0947368421
0 0.2584134615 0.7407894737 0.0841346154 0.1026315789
0 0.1730769231 0.8526315789 0.0769230769 0.1105263158
0 0.2740384615 0.8776315789 0.0673076923 0.1131578947
0 0.3377403846 0.8697368421 0.0552884615 0.1131578947
0 0.3954326923 0.7986842105 0.0697115385 0.1131578947
0 0.3665865385 0.6657894737 0.0841346154 0.1210526316
0 0.4062500000 0.6065789474 0.1057692308 0.1078947368
0 0.4927884615 0.6065789474 0.0625000000 0.1078947368
0 0.5480769231 0.6552631579 0.0769230769 0.1157894737
0 0.6201923077 0.7605263158 0.0865384615 0.0947368421
0 0.7067307692 0.7697368421 0.0721153846 0.1078947368
0 0.7139423077 0.6657894737 0.0865384615 0.0947368421
0 0.8112980769 0.7039473684 0.0793269231 0.0921052632
0 0.9002403846 0.7447368421 0.0649038462 0.0947368421
0 0.9783653846 0.4605263158 0.0432692308 0.1000000000
0 0.8689903846 0.3631578947 0.1081730769 0.1736842105
0 0.9074519231 0.2315789474 0.0889423077 0.0894736842
0 0.9074519231 0.1105263158 0.1610576923 0.1526315789
0 0.7355769231 0.1263157895 0.1634615385 0.1368421053
0 0.7055288462 0.2763157895 0.1706730769 0.1684210526
0 0.5120192308 0.2434210526 0.0865384615 0.1078947368
0 0.5661057692 0.4342105263 0.0841346154 0.0842105263
0 0.6670673077 0.5526315789 0.0649038462 0.1157894737
0 0.5649038462 0.5644736842 0.0961538462 0.0710526316
0 0.4651442308 0.5171052632 0.0937500000 0.0763157895
0 0.3918269231 0.4289473684 0.0913461538 0.0947368421
0 0.4242788462 0.3197368421 0.1802884615 0.2236842105
0 0.2463942308 0.2500000000 0.1466346154 0.1210526316
0 0.2536057692 0.1407894737 0.1418269231 0.0605263158
0 0.0781250000 0.1263157895 0.1562500000 0.2526315789
0 0.1237980769 0.3394736842 0.1274038462 0.1421052632
0 0.4699519231 0.9013157895 0.0745192308 0.1184210526
0 0.5516826923 0.9328947368 0.0937500000 0.1026315789
0 0.6382211538 0.9552631579 0.0841346154 0.0894736842
0 0.7896634615 0.8723684211 0.0745192308 0.1078947368
0 0.9194711538 0.8776315789 0.1610576923 0.1447368421
0 0.5408653846 0.7592105263 0.0576923077 0.0605263158
0 0.3894230769 0.9065789474 0.0288461538 0.0394736842
0 0.3173076923 0.8026315789 0.0817307692 0.0421052632
0 0.2487980769 0.4368421053 0.0600961538 0.0736842105
0 0.6141826923 0.5289473684 0.0504807692 0.0578947368
0 0.6165865385 0.6355263158 0.0600961538 0.0868421053
0 0.8245192308 0.6276315789 0.0769230769 0.0605263158
