0 0.3224932249 0.2415865385 0.1138211382 0.1129807692
0 0.5420054201 0.0180288462 0.1138211382 0.0360576923
0 0.2127371274 0.2295673077 0.1056910569 0.0937500000
0 0.2574525745 0.4326923077 0.1084010840 0.0961538462
0 0.3482384824 0.4519230769 0.1056910569 0.0769230769
0 0.3794037940 0.5384615385 0.1246612466 0.0961538462
0 0.3021680217 0.5625000000 0.1327913279 0.0625000000
0 0.4010840108 0.6574519231 0.0758807588 0.0937500000
0 0.6598915989 0.7512019231 0.1273712737 0.1033653846
0 0.5460704607 0.9098557692 0.1002710027 0.1225961538
0 0.2100271003 0.6911057692 0.1219512195 0.0889423077
0 0.1355013550 0.5673076923 0.0813008130 0.1201923077
