0 0.6430288462 0.2175480769 0.1466346154 0.1418269231
0 0.8894230769 0.0745192308 0.0913461538 0.1442307692
0 0.2968750000 0.6490384615 0.1177884615 0.1442307692
0 0.1382211538 0.7235576923 0.1610576923 0.0721153846
0 0.1334134615 0.8221153846 0.1802884615 0.0769230769
0 0.4771634615 0.7079326923 0.0985576923 0.1418269231
0 0.4158653846 0.8581730769 0.0961538462 0.1346153846
0 0.5817307692 0.9098557692 0.1538461538 0.1177884615
0 0.6045673077 0.9831730769 0.1033653846 0.0336538462
0 0.9447115385 0.9182692308 0.1105769231 0.0769230769
0 0.8305288462 0.5468750000 0.1225961538 0.1562500000
