0 0.2584134615 0.0961538462 0.1370192308 0.1923076923
0 0.1069711538 0.0288461538 0.1129807692 0.0576923077
0 0.1490384615 0.3437500000 0.2115384615 0.1826923077
0 0.4350961538 0.3137019231 0.0961538462 0.2620192308
0 0.5829326923 0.3461538462 0.1225961538 0.2067307692
0 0.7884615385 0.4242788462 0.1778846154 0.1947115385
0 0.9242788462 0.4771634615 0.1274038462 0.2139423077
0 0.8317307692 0.2175480769 0.0865384615 0.2427884615
0 0.7067307692 0.2055288462 0.1442307692 0.1995192308
0 0.7692307692 0.0384615385 0.2548076923 0.0769230769
