0 0.1574519231 0.0252403846 0.0504807692 0.0408653846
0 0.5853365385 0.0372596154 0.0408653846 0.0408653846
0 0.9699519231 0.0853365385 0.0456730769 0.0456730769
0 0.0216346154 0.1634615385 0.0432692308 0.0432692308
0 0.0456730769 0.2067307692 0.0432692308 0.0432692308
0 0.0949519231 0.1862980769 0.0504807692 0.0793269231
0 0.2247596154 0.1562500000 0.0456730769 0.0721153846
0 0.5084134615 0.2091346154 0.0264423077 0.0432692308
0 0.6274038462 0.1706730769 0.0336538462 0.0336538462
0 0.5528846154 0.1911057692 0.0432692308 0.0456730769
0 0.8173076923 0.1850961538 0.0384615385 0.0432692308
0 0.0156250000 0.2812500000 0.0312500000 0.0817307692
0 0.1562500000 0.2439903846 0.0480769231 0.0408653846
0 0.5240384615 0.2740384615 0.0480769231 0.0432692308
0 0.4663461538 0.2992788462 0.0336538462 0.0408653846
0 0.6959134615 0.3221153846 0.0408653846 0.0625000000
0 0.6442307692 0.2944711538 0.0384615385 0.0408653846
0 0.7872596154 0.2524038462 0.0408653846 0.0528846154
0 0.9879807692 0.3004807692 0.0240384615 0.0480769231
0 0.8894230769 0.3004807692 0.0480769231 0.0480769231
0 0.0156250000 0.3545673077 0.0312500000 0.0408653846
0 0.2524038462 0.3641826923 0.0432692308 0.0456730769
0 0.5096153846 0.3461538462 0.0625000000 0.0673076923
0 0.5685096154 0.3846153846 0.0264423077 0.0384615385
0 0.7379807692 0.4062500000 0.0288461538 0.0288461538
0 0.8269230769 0.3858173077 0.0576923077 0.0600961538
0 0.9639423077 0.3401442308 0.0528846154 0.0552884615
0 0.0180288462 0.4627403846 0.0312500000 0.0456730769
0 0.2103365385 0.4627403846 0.0408653846 0.0360576923
0 0.1911057692 0.5408653846 0.0360576923 0.0528846154
0 0.3473557692 0.5492788462 0.0360576923 0.0312500000
0 0.4819711538 0.5168269231 0.0841346154 0.0625000000
0 0.0625000000 0.6454326923 0.0528846154 0.0745192308
0 0.1274038462 0.6526442308 0.0480769231 0.0456730769
0 0.4951923077 0.6262019231 0.0576923077 0.0649038462
0 0.4026442308 0.6250000000 0.0264423077 0.0384615385
0 0.4350961538 0.5961538462 0.0288461538 0.0384615385
0 0.1971153846 0.7343750000 0.0480769231 0.0552884615
0 0.0829326923 0.5240384615 0.0649038462 0.0721153846
0 0.0588942308 0.4795673077 0.0264423077 0.0312500000
0 0.4254807692 0.6778846154 0.1153846154 0.0576923077
0 0.1526442308 0.1766826923 0.0456730769 0.0408653846
0 0.1754807692 0.1274038462 0.0336538462 0.0480769231
0 0.1310096154 0.1334134615 0.0456730769 0.0408653846
0 0.1286057692 0.0781250000 0.0264423077 0.0312500000
0 0.0973557692 0.0661057692 0.0264423077 0.0312500000
0 0.0913461538 0.0168269231 0.0625000000 0.0336538462
