0 0.9122596154 0.5324519231 0.0697115385 0.0649038462
0 0.7932692308 0.4831730769 0.0673076923 0.0625000000
0 0.9495192308 0.3581730769 0.0625000000 0.0721153846
0 0.7788461538 0.3100961538 0.0576923077 0.0432692308
0 0.7355769231 0.3870192308 0.0480769231 0.0673076923
0 0.6646634615 0.3942307692 0.1033653846 0.0673076923
0 0.5576923077 0.2620192308 0.0432692308 0.0817307692
0 0.5504807692 0.4038461538 0.0625000000 0.0528846154
0 0.4987980769 0.5024038462 0.0793269231 0.0817307692
0 0.4050480769 0.5949519231 0.0456730769 0.0697115385
0 0.2992788462 0.6346153846 0.0504807692 0.0673076923
0 0.4639423077 0.7043269231 0.1201923077 0.0769230769
0 0.6298076923 0.7391826923 0.0576923077 0.0600961538
0 0.7860576923 0.5877403846 0.0817307692 0.0697115385
0 0.7091346154 0.6646634615 0.0336538462 0.0456730769
0 0.7920673077 0.7992788462 0.0552884615 0.0600961538
0 0.5576923077 0.9134615385 0.0769230769 0.0961538462
0 0.4735576923 0.8521634615 0.0673076923 0.0697115385
0 0.4483173077 0.7752403846 0.0649038462 0.0552884615
0 0.3737980769 0.8040865385 0.0504807692 0.0697115385
0 0.3052884615 0.7740384615 0.0336538462 0.0528846154
0 0.2656250000 0.8557692308 0.0649038462 0.0384615385
0 0.1850961538 0.8461538462 0.0528846154 0.0480769231
0 0.2812500000 0.9122596154 0.0673076923 0.0456730769
0 0.3401442308 0.8822115385 0.0552884615 0.0432692308
0 0.4218750000 0.8966346154 0.0841346154 0.0769230769
0 0.3137019231 0.9519230769 0.0745192308 0.0480769231
0 0.0673076923 0.7091346154 0.0576923077 0.0817307692
0 0.0937500000 0.6081730769 0.0432692308 0.0625000000
0 0.0480769231 0.5204326923 0.0625000000 0.0697115385
0 0.1201923077 0.4711538462 0.0673076923 0.0865384615
0 0.2680288462 0.0228365385 0.0552884615 0.0456730769
0 0.5048076923 0.0637019231 0.0480769231 0.0552884615
0 0.2836538462 0.1418269231 0.1009615385 0.0673076923
0 0.2932692308 0.2872596154 0.0673076923 0.0552884615
0 0.2403846154 0.3269230769 0.0673076923 0.0480769231
0 0.2379807692 0.4170673077 0.0625000000 0.0697115385
0 0.6418269231 0.0865384615 0.0528846154 0.0336538462
0 0.6298076923 0.0480769231 0.0673076923 0.0384615385
0 0.5324519231 0.0156250000 0.0600961538 0.0312500000
0 0.8004807692 0.0600961538 0.0528846154 0.0673076923
0 0.8954326923 0.0625000000 0.0649038462 0.0625000000
0 0.9783653846 0.0492788462 0.0432692308 0.0504807692
0 0.9711538462 0.2463942308 0.0384615385 0.0649038462
0 0.8894230769 0.1971153846 0.0673076923 0.0576923077
0 0.8329326923 0.1790865385 0.0504807692 0.0600961538
0 0.8221153846 0.1358173077 0.0673076923 0.0504807692
0 0.7728365385 0.0925480769 0.0552884615 0.0552884615
0 0.7620192308 0.1382211538 0.0432692308 0.0600961538
0 0.7475961538 0.2031250000 0.0528846154 0.0745192308
0 0.6250000000 0.8882211538 0.0432692308 0.0360576923
0 0.7151442308 0.7896634615 0.0360576923 0.0408653846
0 0.8762019231 0.6502403846 0.0360576923 0.0408653846
