0 0.9495192308 0.9519230769 0.0625000000 0.0721153846
0 0.7788461538 0.9038461538 0.0576923077 0.0432692308
0 0.7355769231 0.9735576923 0.0480769231 0.0528846154
0 0.6646634615 0.9771634615 0.1033653846 0.0456730769
0 0.5576923077 0.8557692308 0.0432692308 0.0817307692
0 0.5504807692 0.9855769231 0.0625000000 0.0288461538
0 0.2163461538 0.3028846154 0.0336538462 0.0480769231
0 0.2079326923 0.4783653846 0.0697115385 0.0528846154
0 0.2680288462 0.6045673077 0.0552884615 0.0697115385
0 0.5048076923 0.6574519231 0.0480769231 0.0552884615
0 0.2836538462 0.7355769231 0.1009615385 0.0673076923
0 0.2932692308 0.8810096154 0.0673076923 0.0552884615
0 0.2403846154 0.9206730769 0.0673076923 0.0480769231
0 0.2379807692 0.9879807692 0.0625000000 0.0240384615
0 0.6418269231 0.6802884615 0.0528846154 0.0336538462
0 0.6298076923 0.6418269231 0.0673076923 0.0384615385
0 0.5324519231 0.5913461538 0.0600961538 0.0673076923
0 0.8004807692 0.6538461538 0.0528846154 0.0673076923
0 0.8954326923 0.6562500000 0.0649038462 0.0625000000
0 0.8942307692 0.5709134615 0.0576923077 0.0552884615
0 0.8137019231 0.5516826923 0.0745192308 0.0456730769
0 0.8473557692 0.5000000000 0.0600961538 0.0528846154
0 0.8112980769 0.4362980769 0.0504807692 0.0504807692
0 0.9867788462 0.4435096154 0.0264423077 0.0600961538
0 0.9783653846 0.6430288462 0.0432692308 0.0504807692
0 0.9711538462 0.8401442308 0.0384615385 0.0649038462
0 0.8894230769 0.7908653846 0.0673076923 0.0576923077
0 0.8329326923 0.7728365385 0.0504807692 0.0600961538
0 0.8221153846 0.7295673077 0.0673076923 0.0504807692
0 0.7728365385 0.6862980769 0.0552884615 0.0552884615
0 0.7620192308 0.7319711538 0.0432692308 0.0600961538
0 0.7475961538 0.7968750000 0.0528846154 0.0745192308
0 0.1334134615 0.5901442308 0.0649038462 0.0360576923
0 0.4627403846 0.4699519231 0.0841346154 0.0841346154
0 0.4747596154 0.3557692308 0.0649038462 0.0673076923
0 0.5132211538 0.2788461538 0.0552884615 0.0576923077
0 0.4411057692 0.2187500000 0.0793269231 0.0865384615
0 0.3521634615 0.1093750000 0.0552884615 0.0745192308
0 0.7824519231 0.0444711538 0.0456730769 0.0649038462
0 0.8569711538 0.1838942308 0.0504807692 0.0600961538
0 0.9399038462 0.1718750000 0.0625000000 0.0456730769
0 0.9651442308 0.3233173077 0.0649038462 0.0408653846
