0 0.7512019231 0.8377403846 0.0456730769 0.0552884615
0 0.5949519231 0.9639423077 0.0408653846 0.0336538462
0 0.5216346154 0.7235576923 0.0384615385 0.0432692308
0 0.7740384615 0.6141826923 0.0384615385 0.0312500000
0 0.8341346154 0.8233173077 0.0384615385 0.0504807692
0 0.9254807692 0.8437500000 0.0384615385 0.0528846154
0 0.9651442308 0.9290865385 0.0360576923 0.0504807692
0 0.4086538462 0.8485576923 0.0480769231 0.0528846154
0 0.4615384615 0.7524038462 0.0432692308 0.0480769231
0 0.3533653846 0.6310096154 0.0384615385 0.0408653846
0 0.2524038462 0.6262019231 0.0384615385 0.0360576923
0 0.4615384615 0.9350961538 0.0432692308 0.0480769231
0 0.5865384615 0.5156250000 0.0528846154 0.0649038462
0 0.6923076923 0.4074519231 0.0432692308 0.0504807692
0 0.7932692308 0.4399038462 0.0432692308 0.0432692308
0 0.7944711538 0.5372596154 0.0360576923 0.0408653846
0 0.8016826923 0.1586538462 0.0360576923 0.0384615385
0 0.7403846154 0.1430288462 0.0432692308 0.0408653846
0 0.1947115385 0.0168269231 0.0576923077 0.0336538462
0 0.2728365385 0.4098557692 0.0649038462 0.0504807692
0 0.1490384615 0.3762019231 0.0432692308 0.0745192308
0 0.0480769231 0.3593750000 0.0384615385 0.0312500000
0 0.8930288462 0.0120192308 0.0360576923 0.0240384615
0 0.2824519231 0.0841346154 0.0456730769 0.0432692308
0 0.3269230769 0.1322115385 0.0625000000 0.0673076923
