0 0.9030172414 0.8065843621 0.0474137931 0.0493827160
0 0.6594827586 0.4362139918 0.0431034483 0.0411522634
0 0.1810344828 0.2469135802 0.0517241379 0.0411522634
0 0.2801724138 0.4156378601 0.0689655172 0.0576131687
0 0.3534482759 0.4259259259 0.0603448276 0.0946502058
0 0.4612068966 0.4732510288 0.0689655172 0.0658436214
0 0.3534482759 0.5349794239 0.0517241379 0.0493827160
0 0.6293103448 0.5308641975 0.0431034483 0.0411522634
0 0.5711206897 0.6090534979 0.0732758621 0.0411522634
0 0.4439655172 0.6049382716 0.0431034483 0.0411522634
0 0.3987068966 0.5288065844 0.0474137931 0.0534979424
