0 0.0216346154 0.9375000000 0.0336538462 0.0336538462
0 0.1995192308 0.8942307692 0.0336538462 0.0288461538
0 0.2103365385 0.8557692308 0.0264423077 0.0336538462
0 0.2343750000 0.8810096154 0.0264423077 0.0360576923
0 0.3581730769 0.9639423077 0.0288461538 0.0384615385
0 0.0841346154 0.8197115385 0.0240384615 0.0336538462
0 0.1899038462 0.7175480769 0.0288461538 0.0312500000
0 0.6454326923 0.7980769231 0.0264423077 0.0432692308
0 0.6875000000 0.7187500000 0.0384615385 0.0336538462
0 0.7139423077 0.7451923077 0.0432692308 0.0384615385
0 0.9158653846 0.8185096154 0.0336538462 0.0360576923
0 0.9543269231 0.7860576923 0.0336538462 0.0288461538
0 0.9807692308 0.8677884615 0.0288461538 0.0336538462
0 0.1418269231 0.3112980769 0.0480769231 0.0504807692
0 0.2439903846 0.4423076923 0.0408653846 0.0480769231
0 0.5000000000 0.3425480769 0.0336538462 0.0312500000
0 0.8774038462 0.7872596154 0.0288461538 0.0264423077
