0 0.6177884615 0.6201923077 0.1009615385 0.0961538462
0 0.7103365385 0.7872596154 0.1081730769 0.0841346154
0 0.7211538462 0.8834134615 0.0865384615 0.0985576923
0 0.9038461538 0.9507211538 0.0817307692 0.0937500000
0 0.9879807692 0.5300480769 0.0240384615 0.1370192308
0 0.5108173077 0.5228365385 0.0841346154 0.0985576923
0 0.4350961538 0.5336538462 0.0961538462 0.1057692308
0 0.4807692308 0.6490384615 0.0865384615 0.1201923077
0 0.3786057692 0.4098557692 0.0985576923 0.1177884615
0 0.6177884615 0.4903846154 0.0721153846 0.1105769231
0 0.1466346154 0.6730769231 0.0865384615 0.1009615385
0 0.0564903846 0.5709134615 0.0889423077 0.0985576923
0 0.0661057692 0.4795673077 0.1081730769 0.0889423077
0 0.1562500000 0.5192307692 0.0865384615 0.0961538462
0 0.2572115385 0.5492788462 0.0865384615 0.0889423077
0 0.0132211538 0.7596153846 0.0264423077 0.0961538462
0 0.0228365385 0.3798076923 0.0456730769 0.1057692308
0 0.3485576923 0.2932692308 0.1105769231 0.1105769231
0 0.5288461538 0.4026442308 0.0721153846 0.1033653846
0 0.6778846154 0.2968750000 0.1057692308 0.1225961538
0 0.4663461538 0.9855769231 0.0913461538 0.0288461538
0 0.4951923077 0.8689903846 0.0817307692 0.0889423077
0 0.4206730769 0.7560096154 0.0817307692 0.0937500000
0 0.2944711538 0.6730769231 0.0504807692 0.0913461538
0 0.2175480769 0.6550480769 0.0745192308 0.0985576923
0 0.2235576923 0.2451923077 0.0961538462 0.0913461538
0 0.2151442308 0.1514423077 0.0937500000 0.1009615385
0 0.3810096154 0.1862980769 0.0745192308 0.0937500000
0 0.2572115385 0.0865384615 0.1009615385 0.0817307692
0 0.2103365385 0.0168269231 0.0793269231 0.0336538462
0 0.1141826923 0.0156250000 0.0985576923 0.0312500000
0 0.0384615385 0.0252403846 0.0769230769 0.0504807692
0 0.0312500000 0.1033653846 0.0625000000 0.1009615385
0 0.0913461538 0.1262019231 0.0961538462 0.1466346154
