0 0.5120192308 0.0384615385 0.0432692308 0.0384615385
0 0.3473557692 0.0468750000 0.0504807692 0.0552884615
0 0.6105769231 0.0853365385 0.0528846154 0.0504807692
0 0.6887019231 0.0528846154 0.0456730769 0.0480769231
0 0.7944711538 0.2560096154 0.0360576923 0.0456730769
0 0.8449519231 0.2319711538 0.0408653846 0.0504807692
0 0.9879807692 0.2355769231 0.0240384615 0.0480769231
0 0.9759615385 0.5709134615 0.0432692308 0.0456730769
0 0.8557692308 0.5769230769 0.0480769231 0.0576923077
0 0.8485576923 0.4879807692 0.0480769231 0.0432692308
0 0.7836538462 0.4663461538 0.0480769231 0.0673076923
0 0.9206730769 0.6334134615 0.0769230769 0.0504807692
0 0.8137019231 0.6406250000 0.0408653846 0.0360576923
0 0.8557692308 0.6911057692 0.0480769231 0.0456730769
0 0.6346153846 0.7752403846 0.0528846154 0.0745192308
0 0.7139423077 0.8641826923 0.0769230769 0.0600961538
0 0.7259615385 0.9399038462 0.0528846154 0.0480769231
0 0.6790865385 0.9771634615 0.0360576923 0.0456730769
0 0.4447115385 0.9326923077 0.0625000000 0.0432692308
0 0.4230769231 0.8810096154 0.0432692308 0.0456730769
0 0.3161057692 0.9615384615 0.0793269231 0.0769230769
0 0.4278846154 0.5937500000 0.0913461538 0.0817307692
0 0.5432692308 0.4182692308 0.0817307692 0.0913461538
0 0.6286057692 0.3882211538 0.0552884615 0.0937500000
0 0.1634615385 0.7115384615 0.0480769231 0.0576923077
0 0.1346153846 0.7872596154 0.0336538462 0.0552884615
0 0.2644230769 0.8365384615 0.0480769231 0.0432692308
0 0.2259615385 0.6778846154 0.0336538462 0.0432692308
0 0.3377403846 0.6237980769 0.0504807692 0.0408653846
0 0.3389423077 0.5132211538 0.0480769231 0.0456730769
0 0.3617788462 0.4074519231 0.0408653846 0.0504807692
0 0.4182692308 0.4771634615 0.0432692308 0.0504807692
0 0.1189903846 0.5024038462 0.0649038462 0.0625000000
0 0.0877403846 0.2512019231 0.0649038462 0.0504807692
0 0.2283653846 0.3233173077 0.0528846154 0.0552884615
0 0.2860576923 0.2331730769 0.0432692308 0.0625000000
0 0.2079326923 0.1141826923 0.0552884615 0.0600961538
0 0.5853365385 0.2572115385 0.0408653846 0.0528846154
