0 0.3701923077 0.0348557692 0.0384615385 0.0408653846
0 0.4711538462 0.0468750000 0.0336538462 0.0360576923
0 0.5901442308 0.0504807692 0.0456730769 0.0528846154
0 0.7235576923 0.0372596154 0.0384615385 0.0456730769
0 0.7896634615 0.0144230769 0.0745192308 0.0288461538
0 0.9086538462 0.0384615385 0.0480769231 0.0625000000
0 0.8221153846 0.0673076923 0.0528846154 0.0384615385
0 0.2007211538 0.1033653846 0.0408653846 0.0336538462
0 0.4242788462 0.0745192308 0.0408653846 0.0528846154
0 0.3701923077 0.0901442308 0.0384615385 0.0456730769
0 0.5048076923 0.0961538462 0.1105769231 0.0480769231
0 0.7379807692 0.1045673077 0.0336538462 0.0504807692
0 0.7992788462 0.1201923077 0.0456730769 0.0288461538
0 0.8786057692 0.1430288462 0.0504807692 0.0312500000
0 0.9807692308 0.1286057692 0.0384615385 0.0504807692
0 0.2836538462 0.1862980769 0.0384615385 0.0408653846
0 0.4314903846 0.1778846154 0.0360576923 0.0288461538
0 0.5612980769 0.1742788462 0.0360576923 0.0360576923
0 0.6033653846 0.1754807692 0.0432692308 0.0384615385
0 0.6959134615 0.2415865385 0.0408653846 0.0552884615
0 0.6610576923 0.1730769231 0.0384615385 0.0432692308
0 0.8076923077 0.2247596154 0.0528846154 0.0552884615
0 0.8701923077 0.1826923077 0.0528846154 0.0480769231
0 0.9807692308 0.2235576923 0.0384615385 0.0432692308
0 0.0889423077 0.2487980769 0.0528846154 0.0456730769
0 0.1177884615 0.3209134615 0.0432692308 0.0408653846
0 0.0132211538 0.2860576923 0.0264423077 0.0384615385
0 0.4026442308 0.2644230769 0.0456730769 0.0336538462
0 0.9122596154 0.2656250000 0.0793269231 0.0841346154
0 0.9735576923 0.2920673077 0.0528846154 0.0745192308
0 0.7475961538 0.3569711538 0.0336538462 0.0360576923
0 0.6658653846 0.3725961538 0.0576923077 0.0528846154
0 0.9230769231 0.3521634615 0.0240384615 0.0456730769
0 0.8762019231 0.3918269231 0.0312500000 0.0384615385
0 0.9735576923 0.3605769231 0.0528846154 0.0673076923
0 0.0745192308 0.4939903846 0.0528846154 0.0264423077
0 0.0216346154 0.4975961538 0.0432692308 0.0721153846
0 0.2391826923 0.4411057692 0.0312500000 0.0312500000
0 0.2283653846 0.4915865385 0.0432692308 0.0312500000
0 0.5805288462 0.4903846154 0.0312500000 0.0336538462
0 0.7644230769 0.4290865385 0.0384615385 0.0408653846
0 0.6550480769 0.4567307692 0.0649038462 0.0528846154
0 0.7031250000 0.4194711538 0.0312500000 0.0504807692
0 0.9074519231 0.4435096154 0.0312500000 0.0504807692
0 0.0961538462 0.5600961538 0.0288461538 0.0384615385
0 0.0132211538 0.5709134615 0.0264423077 0.0360576923
0 0.0552884615 0.5612980769 0.0480769231 0.0504807692
0 0.2572115385 0.5504807692 0.0528846154 0.0673076923
0 0.3257211538 0.5108173077 0.0552884615 0.0504807692
0 0.4723557692 0.5336538462 0.0408653846 0.0288461538
0 0.7355769231 0.5372596154 0.0625000000 0.0697115385
0 0.6682692308 0.5216346154 0.0384615385 0.0288461538
0 0.0745192308 0.6430288462 0.0384615385 0.0408653846
0 0.2836538462 0.6165865385 0.0432692308 0.0408653846
0 0.4411057692 0.6706730769 0.0360576923 0.0384615385
0 0.4987980769 0.6262019231 0.0504807692 0.0408653846
0 0.6081730769 0.6057692308 0.0528846154 0.0721153846
0 0.6201923077 0.6670673077 0.0384615385 0.0408653846
0 0.7584134615 0.6526442308 0.0312500000 0.0360576923
0 0.8221153846 0.6586538462 0.0528846154 0.0625000000
0 0.2295673077 0.7307692308 0.0264423077 0.0528846154
0 0.3846153846 0.7415865385 0.0336538462 0.0504807692
0 0.5600961538 0.7439903846 0.0384615385 0.0408653846
0 0.6862980769 0.6850961538 0.0600961538 0.0576923077
0 0.7139423077 0.7439903846 0.0817307692 0.0745192308
0 0.8437500000 0.7151442308 0.0480769231 0.0504807692
0 0.4555288462 0.7848557692 0.0649038462 0.0456730769
0 0.6105769231 0.7860576923 0.0336538462 0.0336538462
0 0.7331730769 0.7896634615 0.0336538462 0.0504807692
0 0.7560096154 0.8377403846 0.0456730769 0.0504807692
0 0.8389423077 0.7800480769 0.0480769231 0.0408653846
0 0.9507211538 0.8052884615 0.0456730769 0.0336538462
0 0.1250000000 0.8653846154 0.0336538462 0.0432692308
0 0.1790865385 0.9122596154 0.0552884615 0.0408653846
0 0.3653846154 0.9014423077 0.0528846154 0.0336538462
0 0.3269230769 0.8533653846 0.0576923077 0.0384615385
0 0.4603365385 0.9098557692 0.0600961538 0.0697115385
0 0.6177884615 0.9026442308 0.0625000000 0.0552884615
0 0.9627403846 0.8713942308 0.0456730769 0.0456730769
0 0.4362980769 0.9651442308 0.0552884615 0.0504807692
0 0.5468750000 0.9879807692 0.0552884615 0.0240384615
0 0.4951923077 0.9555288462 0.0480769231 0.0552884615
0 0.6730769231 0.9471153846 0.0769230769 0.0384615385
0 0.8461538462 0.9747596154 0.0769230769 0.0504807692
0 0.8629807692 0.4879807692 0.0384615385 0.0432692308
0 0.8329326923 0.4387019231 0.0264423077 0.0360576923
0 0.3100961538 0.1334134615 0.0384615385 0.0312500000
0 0.4314903846 0.2223557692 0.0312500000 0.0312500000
0 0.4699519231 0.2500000000 0.0312500000 0.0288461538
0 0.1454326923 0.5649038462 0.0600961538 0.0336538462
0 0.1634615385 0.5901442308 0.0432692308 0.0312500000
0 0.1286057692 0.5961538462 0.0360576923 0.0288461538
0 0.2872596154 0.4002403846 0.0360576923 0.0360576923
0 0.3846153846 0.4579326923 0.0576923077 0.0504807692
0 0.3906250000 0.4987980769 0.0264423077 0.0504807692
0 0.3293269231 0.4531250000 0.0480769231 0.0360576923
0 0.4543269231 0.3461538462 0.0528846154 0.0336538462
0 0.4903846154 0.3906250000 0.0288461538 0.0264423077
0 0.4206730769 0.3906250000 0.0480769231 0.0649038462
0 0.3762019231 0.4050480769 0.0312500000 0.0264423077
0 0.3401442308 0.3605769231 0.0456730769 0.0384615385
0 0.0444711538 0.9795673077 0.0360576923 0.0360576923
