0 0.9735576923 0.9375000000 0.0528846154 0.0625000000
0 0.8870192308 0.7584134615 0.0432692308 0.0408653846
0 0.9242788462 0.8076923077 0.0408653846 0.0480769231
0 0.9735576923 0.7487980769 0.0480769231 0.0504807692
0 0.7992788462 0.8233173077 0.0552884615 0.0552884615
0 0.7055288462 0.8870192308 0.0408653846 0.0432692308
0 0.5805288462 0.7824519231 0.0552884615 0.0360576923
0 0.7259615385 0.5564903846 0.0673076923 0.0600961538
0 0.7704326923 0.6177884615 0.0360576923 0.0288461538
0 0.6983173077 0.3930288462 0.0504807692 0.0793269231
0 0.6574519231 0.4326923077 0.0504807692 0.0625000000
0 0.8197115385 0.0168269231 0.0528846154 0.0336538462
0 0.6935096154 0.0781250000 0.0408653846 0.0312500000
0 0.3930288462 0.9459134615 0.0312500000 0.0360576923
0 0.4735576923 0.7848557692 0.0240384615 0.0456730769
0 0.3762019231 0.1406250000 0.0456730769 0.0360576923
0 0.3822115385 0.2235576923 0.0336538462 0.0432692308
0 0.4615384615 0.4074519231 0.0288461538 0.0360576923
0 0.4939903846 0.3064903846 0.0264423077 0.0312500000
0 0.5468750000 0.2019230769 0.0312500000 0.0384615385
0 0.3149038462 0.0588942308 0.0240384615 0.0264423077
0 0.5709134615 0.0360576923 0.0408653846 0.0240384615
