0 0.9278846154 0.9302884615 0.0240384615 0.0336538462
0 0.9867788462 0.8365384615 0.0264423077 0.0288461538
0 0.7716346154 0.9615384615 0.0288461538 0.0240384615
0 0.4567307692 0.9362980769 0.0336538462 0.0264423077
0 0.4783653846 0.8942307692 0.0240384615 0.0336538462
0 0.6225961538 0.9230769231 0.0288461538 0.0240384615
0 0.6117788462 0.8870192308 0.0264423077 0.0432692308
0 0.8401442308 0.8617788462 0.0312500000 0.0264423077
0 0.8713942308 0.8317307692 0.0312500000 0.0240384615
0 0.8966346154 0.8473557692 0.0288461538 0.0312500000
0 0.8569711538 0.7788461538 0.0312500000 0.0336538462
0 0.9038461538 0.7139423077 0.0288461538 0.0240384615
0 0.8088942308 0.7235576923 0.0312500000 0.0384615385
0 0.9663461538 0.7103365385 0.0240384615 0.0360576923
0 0.9879807692 0.6778846154 0.0240384615 0.0240384615
0 0.6009615385 0.7151442308 0.0240384615 0.0264423077
0 0.5504807692 0.8377403846 0.0240384615 0.0312500000
0 0.5877403846 0.8413461538 0.0264423077 0.0288461538
0 0.5564903846 0.8786057692 0.0264423077 0.0264423077
0 0.4759615385 0.8329326923 0.0288461538 0.0264423077
0 0.4014423077 0.8485576923 0.0240384615 0.0336538462
0 0.3653846154 0.8750000000 0.0336538462 0.0240384615
0 0.3918269231 0.9266826923 0.0288461538 0.0408653846
0 0.4158653846 0.7199519231 0.0240384615 0.0264423077
0 0.4170673077 0.6670673077 0.0360576923 0.0264423077
0 0.5120192308 0.6947115385 0.0432692308 0.0336538462
0 0.3341346154 0.6766826923 0.0288461538 0.0360576923
0 0.8125000000 0.8149038462 0.0240384615 0.0240384615
0 0.3076923077 0.9206730769 0.0240384615 0.0240384615
0 0.2463942308 0.8834134615 0.0264423077 0.0264423077
0 0.1526442308 0.8076923077 0.0312500000 0.0432692308
0 0.1201923077 0.8064903846 0.0240384615 0.0312500000
0 0.0528846154 0.8233173077 0.0240384615 0.0312500000
0 0.0384615385 0.8413461538 0.0240384615 0.0336538462
0 0.0324519231 0.7307692308 0.0360576923 0.0240384615
0 0.1129807692 0.7103365385 0.0288461538 0.0264423077
0 0.2091346154 0.7403846154 0.0336538462 0.0288461538
0 0.2067307692 0.7103365385 0.0240384615 0.0312500000
0 0.2800480769 0.6586538462 0.0312500000 0.0288461538
0 0.2956730769 0.6887019231 0.0240384615 0.0264423077
0 0.4411057692 0.7007211538 0.0312500000 0.0264423077
0 0.2668269231 0.7884615385 0.0336538462 0.0240384615
0 0.1850961538 0.7776442308 0.0240384615 0.0312500000
0 0.0637019231 0.7932692308 0.0264423077 0.0288461538
0 0.2043269231 0.9879807692 0.0240384615 0.0240384615
0 0.2596153846 0.8377403846 0.0240384615 0.0312500000
0 0.0120192308 0.8533653846 0.0240384615 0.0288461538
0 0.9387019231 0.7548076923 0.0264423077 0.0240384615
0 0.8305288462 0.6093750000 0.0264423077 0.0312500000
0 0.8437500000 0.5781250000 0.0240384615 0.0264423077
0 0.7536057692 0.5985576923 0.0264423077 0.0336538462
0 0.7608173077 0.5384615385 0.0264423077 0.0336538462
0 0.9819711538 0.5685096154 0.0264423077 0.0312500000
0 0.9387019231 0.5168269231 0.0264423077 0.0336538462
0 0.7391826923 0.4242788462 0.0312500000 0.0312500000
0 0.7391826923 0.3834134615 0.0360576923 0.0264423077
0 0.7716346154 0.3209134615 0.0288461538 0.0312500000
0 0.7475961538 0.2884615385 0.0336538462 0.0288461538
0 0.7692307692 0.2247596154 0.0240384615 0.0312500000
0 0.7283653846 0.2187500000 0.0240384615 0.0240384615
0 0.7427884615 0.1862980769 0.0240384615 0.0264423077
0 0.7283653846 0.1646634615 0.0240384615 0.0312500000
0 0.8521634615 0.1502403846 0.0312500000 0.0408653846
0 0.8617788462 0.2055288462 0.0360576923 0.0504807692
0 0.9050480769 0.1826923077 0.0264423077 0.0336538462
0 0.9182692308 0.1370192308 0.0240384615 0.0240384615
0 0.9855769231 0.2223557692 0.0288461538 0.0264423077
0 0.9879807692 0.2980769231 0.0240384615 0.0288461538
0 0.9651442308 0.3281250000 0.0312500000 0.0360576923
0 0.9759615385 0.3641826923 0.0288461538 0.0312500000
0 0.9098557692 0.3701923077 0.0264423077 0.0288461538
0 0.8978365385 0.3329326923 0.0312500000 0.0312500000
0 0.8617788462 0.4110576923 0.0264423077 0.0240384615
0 0.9302884615 0.2860576923 0.0288461538 0.0240384615
0 0.9002403846 0.2560096154 0.0360576923 0.0264423077
0 0.6971153846 0.5793269231 0.0288461538 0.0336538462
0 0.6766826923 0.4591346154 0.0264423077 0.0288461538
0 0.6298076923 0.3701923077 0.0480769231 0.0336538462
0 0.6262019231 0.4362980769 0.0312500000 0.0456730769
0 0.9387019231 0.0180288462 0.0312500000 0.0264423077
0 0.9795673077 0.0769230769 0.0312500000 0.0240384615
0 0.8112980769 0.0120192308 0.0312500000 0.0240384615
0 0.8353365385 0.0432692308 0.0264423077 0.0288461538
0 0.8593750000 0.0889423077 0.0312500000 0.0384615385
0 0.9627403846 0.1045673077 0.0312500000 0.0264423077
0 0.6899038462 0.0757211538 0.0336538462 0.0312500000
0 0.7175480769 0.0312500000 0.0312500000 0.0240384615
0 0.7692307692 0.0396634615 0.0384615385 0.0456730769
0 0.6622596154 0.0180288462 0.0408653846 0.0360576923
0 0.5793269231 0.0432692308 0.0240384615 0.0336538462
0 0.6081730769 0.0769230769 0.0384615385 0.0288461538
0 0.6478365385 0.0841346154 0.0456730769 0.0432692308
0 0.6682692308 0.2896634615 0.0432692308 0.0312500000
0 0.6093750000 0.2908653846 0.0264423077 0.0288461538
0 0.5853365385 0.1947115385 0.0552884615 0.0336538462
0 0.1250000000 0.8665865385 0.0240384615 0.0264423077
0 0.0240384615 0.5877403846 0.0240384615 0.0312500000
0 0.0504807692 0.5444711538 0.0336538462 0.0264423077
0 0.1382211538 0.5600961538 0.0264423077 0.0240384615
0 0.1466346154 0.5877403846 0.0240384615 0.0264423077
0 0.1394230769 0.6069711538 0.0240384615 0.0264423077
0 0.1057692308 0.6237980769 0.0336538462 0.0456730769
0 0.1911057692 0.6093750000 0.0264423077 0.0264423077
0 0.1598557692 0.5384615385 0.0264423077 0.0336538462
0 0.1502403846 0.4326923077 0.0264423077 0.0384615385
0 0.2043269231 0.5048076923 0.0384615385 0.0288461538
0 0.2415865385 0.5709134615 0.0360576923 0.0360576923
0 0.5180288462 0.6250000000 0.0360576923 0.0288461538
0 0.5516826923 0.5276442308 0.0312500000 0.0312500000
0 0.4567307692 0.5685096154 0.0384615385 0.0360576923
0 0.3473557692 0.5745192308 0.0360576923 0.0240384615
0 0.2668269231 0.4314903846 0.0432692308 0.0312500000
0 0.4098557692 0.5228365385 0.0264423077 0.0264423077
0 0.4963942308 0.5060096154 0.0264423077 0.0264423077
0 0.4711538462 0.4218750000 0.0288461538 0.0264423077
0 0.4182692308 0.4338942308 0.0240384615 0.0312500000
0 0.3906250000 0.3233173077 0.0360576923 0.0264423077
0 0.4567307692 0.3629807692 0.0288461538 0.0288461538
0 0.5048076923 0.4182692308 0.0288461538 0.0240384615
0 0.5168269231 0.3918269231 0.0240384615 0.0240384615
0 0.1622596154 0.3221153846 0.0456730769 0.0336538462
0 0.2127403846 0.4675480769 0.0312500000 0.0264423077
0 0.3737980769 0.2127403846 0.0408653846 0.0312500000
0 0.4555288462 0.2343750000 0.0264423077 0.0312500000
0 0.4615384615 0.2740384615 0.0288461538 0.0336538462
0 0.5468750000 0.2800480769 0.0264423077 0.0264423077
0 0.5180288462 0.2067307692 0.0600961538 0.0384615385
0 0.5300480769 0.1706730769 0.0312500000 0.0240384615
0 0.4963942308 0.1586538462 0.0360576923 0.0288461538
0 0.4879807692 0.1165865385 0.0288461538 0.0312500000
0 0.4098557692 0.1274038462 0.0264423077 0.0480769231
0 0.3413461538 0.1358173077 0.0480769231 0.0360576923
0 0.3100961538 0.0793269231 0.0288461538 0.0240384615
0 0.2343750000 0.1730769231 0.0264423077 0.0288461538
0 0.2175480769 0.2307692308 0.0264423077 0.0288461538
0 0.1995192308 0.1574519231 0.0240384615 0.0312500000
0 0.1694711538 0.1153846154 0.0264423077 0.0240384615
0 0.1346153846 0.1237980769 0.0240384615 0.0312500000
0 0.1105769231 0.1322115385 0.0240384615 0.0288461538
0 0.1237980769 0.1622596154 0.0264423077 0.0264423077
0 0.1250000000 0.2139423077 0.0240384615 0.0336538462
0 0.0913461538 0.0156250000 0.0384615385 0.0312500000
0 0.4543269231 0.0336538462 0.0288461538 0.0240384615
0 0.4927884615 0.0540865385 0.0240384615 0.0264423077
0 0.5492788462 0.0168269231 0.0264423077 0.0240384615
0 0.5576923077 0.4411057692 0.0240384615 0.0264423077
0 0.0204326923 0.1442307692 0.0264423077 0.0336538462
0 0.0540865385 0.1706730769 0.0312500000 0.0336538462
0 0.0276442308 0.1995192308 0.0312500000 0.0336538462
0 0.1033653846 0.2632211538 0.0288461538 0.0264423077
0 0.3341346154 0.2644230769 0.0240384615 0.0240384615
0 0.3581730769 0.3497596154 0.0240384615 0.0312500000
0 0.3665865385 0.0456730769 0.0264423077 0.0288461538
0 0.7956730769 0.6286057692 0.0336538462 0.0312500000
0 0.5685096154 0.3461538462 0.0264423077 0.0336538462
0 0.4218750000 0.3557692308 0.0264423077 0.0288461538
0 0.0564903846 0.3269230769 0.0264423077 0.0240384615
