0 0.5949519231 0.6692307692 0.0649038462 0.0923076923
0 0.5865384615 0.4961538462 0.0721153846 0.0538461538
0 0.5348557692 0.4230769231 0.0600961538 0.0871794872
0 0.4579326923 0.4217948718 0.0697115385 0.0487179487
0 0.4387019231 0.3653846154 0.0697115385 0.0487179487
0 0.3894230769 0.2987179487 0.0384615385 0.0641025641
0 0.3677884615 0.3423076923 0.0625000000 0.0743589744
0 0.3822115385 0.4179487179 0.0673076923 0.0512820513
0 0.4326923077 0.4666666667 0.0673076923 0.0564102564
0 0.3112980769 0.4846153846 0.0937500000 0.0461538462
0 0.2692307692 0.4128205128 0.0625000000 0.0615384615
0 0.2896634615 0.3551282051 0.0841346154 0.0487179487
0 0.4423076923 0.5397435897 0.0769230769 0.0435897436
0 0.5348557692 0.5500000000 0.0793269231 0.0897435897
0 0.3834134615 0.6320512821 0.0456730769 0.0794871795
