0 0.5048076923 0.2331730769 0.0528846154 0.0673076923
0 0.7896634615 0.1742788462 0.0600961538 0.0745192308
0 0.8413461538 0.1742788462 0.0480769231 0.0745192308
0 0.9002403846 0.1983173077 0.0600961538 0.0600961538
0 0.8918269231 0.2560096154 0.0384615385 0.0793269231
0 0.9254807692 0.2896634615 0.0384615385 0.0600961538
0 0.9723557692 0.2848557692 0.0552884615 0.0504807692
0 0.8137019231 0.3088942308 0.0600961538 0.0745192308
0 0.9254807692 0.3509615385 0.0625000000 0.0528846154
0 0.9507211538 0.4086538462 0.0360576923 0.0721153846
0 0.9867788462 0.4086538462 0.0264423077 0.0865384615
0 0.4314903846 0.3016826923 0.0649038462 0.0649038462
0 0.5288461538 0.4675480769 0.1057692308 0.0745192308
0 0.6394230769 0.5036057692 0.0673076923 0.0504807692
0 0.7199519231 0.5192307692 0.0745192308 0.0528846154
0 0.4459134615 0.5432692308 0.0889423077 0.0480769231
0 0.2091346154 0.5192307692 0.0480769231 0.0336538462
0 0.1225961538 0.5528846154 0.0817307692 0.0384615385
0 0.0552884615 0.7512019231 0.0576923077 0.0600961538
0 0.0396634615 0.8257211538 0.0793269231 0.0793269231
0 0.3858173077 0.9050480769 0.0504807692 0.0697115385
0 0.4579326923 0.9110576923 0.0793269231 0.0625000000
0 0.5757211538 0.7463942308 0.0552884615 0.0745192308
0 0.6598557692 0.6562500000 0.1081730769 0.0576923077
0 0.7620192308 0.7151442308 0.0576923077 0.0552884615
0 0.8016826923 0.6598557692 0.0408653846 0.0456730769
0 0.8617788462 0.7199519231 0.0841346154 0.0745192308
0 0.8509615385 0.3942307692 0.0769230769 0.0480769231
0 0.8978365385 0.4278846154 0.0649038462 0.0721153846
0 0.8954326923 0.8365384615 0.0793269231 0.0817307692
0 0.8461538462 0.8906250000 0.0576923077 0.0745192308
0 0.7043269231 0.7487980769 0.0480769231 0.0649038462
0 0.9831730769 0.7968750000 0.0336538462 0.0745192308
0 0.9747596154 0.8810096154 0.0504807692 0.0745192308
0 0.9182692308 0.9122596154 0.0625000000 0.0697115385
0 0.8545673077 0.9771634615 0.0600961538 0.0456730769
0 0.3918269231 0.3978365385 0.0336538462 0.0456730769
