0 0.2692307692 0.1730769231 0.0961538462 0.1298076923
0 0.6778846154 0.0997596154 0.1009615385 0.1033653846
0 0.6033653846 0.1826923077 0.0817307692 0.0673076923
0 0.5036057692 0.3557692308 0.1129807692 0.0865384615
0 0.3882211538 0.3617788462 0.0841346154 0.0745192308
0 0.4555288462 0.6983173077 0.1033653846 0.0745192308
0 0.6802884615 0.6250000000 0.1009615385 0.1250000000
0 0.7572115385 0.5564903846 0.1057692308 0.0745192308
0 0.6286057692 0.4939903846 0.1177884615 0.0841346154
0 0.5180288462 0.5576923077 0.1322115385 0.0673076923
0 0.7307692308 0.4687500000 0.0865384615 0.0625000000
0 0.8088942308 0.4170673077 0.1081730769 0.0841346154
0 0.8762019231 0.3713942308 0.1033653846 0.0697115385
0 0.8665865385 0.3064903846 0.0793269231 0.0697115385
0 0.9615384615 0.2572115385 0.0769230769 0.0865384615
0 0.8569711538 0.2007211538 0.1370192308 0.0600961538
0 0.8149038462 0.1466346154 0.0961538462 0.0769230769
0 0.7103365385 0.1742788462 0.0937500000 0.0745192308
0 0.7019230769 0.2740384615 0.0769230769 0.1057692308
0 0.7752403846 0.2824519231 0.0793269231 0.1033653846
