0 0.2199519231 0.9062500000 0.2331730769 0.1057692308
0 0.2379807692 0.6237980769 0.1490384615 0.2235576923
0 0.4014423077 0.4627403846 0.1971153846 0.1658653846
0 0.1057692308 0.1742788462 0.1538461538 0.2331730769
0 0.0156250000 0.5024038462 0.0312500000 0.1875000000
0 0.7788461538 0.9254807692 0.1009615385 0.1490384615
0 0.5216346154 0.8894230769 0.2163461538 0.0961538462
0 0.6057692308 0.7103365385 0.2067307692 0.1610576923
0 0.8028846154 0.6622596154 0.1057692308 0.1947115385
0 0.9242788462 0.8641826923 0.1514423077 0.1129807692
