0 0.4603365385 0.9375000000 0.0697115385 0.0625000000
0 0.5853365385 0.9687500000 0.0312500000 0.0480769231
0 0.5060096154 0.8701923077 0.0504807692 0.0721153846
0 0.3653846154 0.7584134615 0.0432692308 0.0408653846
0 0.4026442308 0.8076923077 0.0408653846 0.0480769231
0 0.4519230769 0.7487980769 0.0480769231 0.0504807692
0 0.5024038462 0.7007211538 0.0384615385 0.0408653846
0 0.5973557692 0.7884615385 0.0360576923 0.0432692308
0 0.7259615385 0.7848557692 0.0432692308 0.0264423077
0 0.8221153846 0.7884615385 0.0384615385 0.0432692308
0 0.6694711538 0.6947115385 0.0312500000 0.0384615385
0 0.2776442308 0.8233173077 0.0552884615 0.0552884615
0 0.1838942308 0.8870192308 0.0408653846 0.0432692308
0 0.0588942308 0.7824519231 0.0552884615 0.0360576923
0 0.2043269231 0.5564903846 0.0673076923 0.0600961538
0 0.2487980769 0.6177884615 0.0360576923 0.0288461538
0 0.8870192308 0.8990384615 0.0480769231 0.0480769231
0 0.8425480769 0.8425480769 0.0456730769 0.0360576923
0 0.1766826923 0.3930288462 0.0504807692 0.0793269231
0 0.1358173077 0.4326923077 0.0504807692 0.0625000000
0 0.4843750000 0.4062500000 0.0504807692 0.0480769231
0 0.5384615385 0.3413461538 0.0432692308 0.0384615385
0 0.5865384615 0.3653846154 0.0384615385 0.0432692308
0 0.4831730769 0.1153846154 0.0336538462 0.0432692308
0 0.2980769231 0.0168269231 0.0528846154 0.0336538462
0 0.1718750000 0.0781250000 0.0408653846 0.0312500000
0 0.6129807692 0.1778846154 0.0480769231 0.0384615385
0 0.6983173077 0.1670673077 0.0360576923 0.0408653846
0 0.8762019231 0.1322115385 0.0408653846 0.0528846154
0 0.8064903846 0.0516826923 0.0360576923 0.0264423077
0 0.9663461538 0.0504807692 0.0288461538 0.0288461538
0 0.8665865385 0.3906250000 0.0264423077 0.0360576923
0 0.7884615385 0.5240384615 0.0336538462 0.0288461538
0 0.8173076923 0.5024038462 0.0240384615 0.0336538462
0 0.0252403846 0.2019230769 0.0312500000 0.0384615385
0 0.0492788462 0.0360576923 0.0408653846 0.0240384615
