0 0.1286057692 0.0949519231 0.0504807692 0.0504807692
0 0.0228365385 0.0877403846 0.0408653846 0.0312500000
0 0.1201923077 0.0552884615 0.0288461538 0.0384615385
0 0.0817307692 0.0649038462 0.0336538462 0.0240384615
0 0.0564903846 0.0985576923 0.0408653846 0.0336538462
0 0.0793269231 0.0288461538 0.0480769231 0.0432692308
0 0.1610576923 0.0612980769 0.0432692308 0.0552884615
0 0.2860576923 0.0492788462 0.0336538462 0.0456730769
0 0.2211538462 0.0805288462 0.0384615385 0.0504807692
0 0.1923076923 0.0408653846 0.0336538462 0.0432692308
0 0.2668269231 0.0697115385 0.0288461538 0.0432692308
0 0.1105769231 0.1274038462 0.0432692308 0.0384615385
0 0.0805288462 0.1526442308 0.0360576923 0.0697115385
0 0.1021634615 0.2163461538 0.0408653846 0.0384615385
0 0.0312500000 0.2055288462 0.0480769231 0.0360576923
0 0.0348557692 0.1250000000 0.0408653846 0.0432692308
0 0.0432692308 0.1850961538 0.0432692308 0.0432692308
0 0.1574519231 0.1983173077 0.0552884615 0.0264423077
0 0.2836538462 0.1117788462 0.0288461538 0.0360576923
0 0.1598557692 0.1634615385 0.0408653846 0.0240384615
0 0.2752403846 0.1358173077 0.0312500000 0.0408653846
0 0.1730769231 0.1346153846 0.0288461538 0.0288461538
0 0.1646634615 0.2223557692 0.0456730769 0.0264423077
0 0.2800480769 0.1826923077 0.0360576923 0.0336538462
0 0.3064903846 0.2199519231 0.0360576923 0.0312500000
0 0.2139423077 0.1382211538 0.0625000000 0.0552884615
0 0.1802884615 0.1850961538 0.0528846154 0.0288461538
0 0.0661057692 0.2524038462 0.0312500000 0.0528846154
0 0.1069711538 0.3461538462 0.0456730769 0.0336538462
0 0.1189903846 0.3016826923 0.0264423077 0.0408653846
0 0.0673076923 0.3365384615 0.0432692308 0.0384615385
0 0.0925480769 0.3774038462 0.0456730769 0.0336538462
0 0.1021634615 0.2608173077 0.0312500000 0.0408653846
0 0.0432692308 0.2980769231 0.0336538462 0.0528846154
0 0.1610576923 0.2704326923 0.0288461538 0.0408653846
0 0.3064903846 0.3245192308 0.0504807692 0.0336538462
0 0.2127403846 0.3894230769 0.0408653846 0.0480769231
0 0.2620192308 0.2668269231 0.0432692308 0.0576923077
0 0.1526442308 0.2956730769 0.0312500000 0.0240384615
0 0.1995192308 0.2716346154 0.0384615385 0.0384615385
0 0.2343750000 0.3593750000 0.0456730769 0.0264423077
0 0.3016826923 0.3677884615 0.0360576923 0.0432692308
0 0.1406250000 0.3617788462 0.0264423077 0.0456730769
0 0.3389423077 0.2716346154 0.0528846154 0.0625000000
0 0.1322115385 0.4531250000 0.0288461538 0.0312500000
0 0.0985576923 0.4567307692 0.0384615385 0.0240384615
0 0.1117788462 0.4230769231 0.0360576923 0.0384615385
0 0.0697115385 0.4062500000 0.0432692308 0.0336538462
0 0.0588942308 0.4855769231 0.0408653846 0.0288461538
0 0.0216346154 0.4747596154 0.0336538462 0.0312500000
0 0.0661057692 0.4495192308 0.0408653846 0.0384615385
0 0.0192307692 0.3942307692 0.0384615385 0.0288461538
0 0.1009615385 0.4963942308 0.0384615385 0.0312500000
0 0.2668269231 0.4230769231 0.0288461538 0.0336538462
0 0.2331730769 0.4687500000 0.0288461538 0.0480769231
0 0.2632211538 0.4651442308 0.0312500000 0.0408653846
0 0.2896634615 0.4411057692 0.0408653846 0.0312500000
0 0.2451923077 0.4158653846 0.0288461538 0.0240384615
0 0.1899038462 0.4891826923 0.0384615385 0.0408653846
0 0.1598557692 0.4026442308 0.0360576923 0.0456730769
0 0.2199519231 0.4278846154 0.0408653846 0.0336538462
0 0.0120192308 0.5600961538 0.0240384615 0.0432692308
0 0.0817307692 0.5384615385 0.0817307692 0.0336538462
0 0.0444711538 0.6105769231 0.0504807692 0.0288461538
