0 0.5710526316 0.7264150943 0.0894736842 0.0716981132
0 0.6657894737 0.7396226415 0.1000000000 0.0603773585
0 0.6684210526 0.5018867925 0.1263157895 0.0528301887
0 0.7421052632 0.3754716981 0.0947368421 0.0867924528
0 0.9684210526 0.5283018868 0.0631578947 0.0528301887
0 0.6078947368 0.2867924528 0.0894736842 0.0452830189
0 0.6052631579 0.3320754717 0.0947368421 0.0603773585
0 0.4842105263 0.2452830189 0.0736842105 0.0830188679
0 0.4578947368 0.3509433962 0.0842105263 0.0679245283
0 0.3973684211 0.3792452830 0.0684210526 0.0716981132
0 0.3421052632 0.5981132075 0.1052631579 0.0566037736
0 0.3947368421 0.5509433962 0.0947368421 0.0679245283
0 0.1052631579 0.4528301887 0.0631578947 0.0679245283
0 0.1710526316 0.1528301887 0.0684210526 0.0566037736
0 0.2052631579 0.1113207547 0.0526315789 0.0566037736
0 0.2131578947 0.0339622642 0.0684210526 0.0528301887
