0 0.8858173077 0.0204326923 0.0360576923 0.0408653846
0 0.2692307692 0.0612980769 0.0432692308 0.0264423077
0 0.4711538462 0.0877403846 0.0384615385 0.0456730769
0 0.4531250000 0.0348557692 0.0360576923 0.0408653846
0 0.4002403846 0.0336538462 0.0312500000 0.0384615385
0 0.6009615385 0.0769230769 0.0576923077 0.0865384615
0 0.9795673077 0.0889423077 0.0408653846 0.0432692308
0 0.5180288462 0.1574519231 0.0360576923 0.0937500000
0 0.4495192308 0.1718750000 0.0336538462 0.0456730769
0 0.7728365385 0.1562500000 0.0312500000 0.0480769231
0 0.3281250000 0.2427884615 0.0504807692 0.0336538462
0 0.4242788462 0.2355769231 0.0504807692 0.0432692308
0 0.6682692308 0.1887019231 0.0432692308 0.0360576923
0 0.7283653846 0.2451923077 0.0384615385 0.0480769231
0 0.2524038462 0.3317307692 0.0288461538 0.0336538462
0 0.4062500000 0.2920673077 0.0384615385 0.0360576923
0 0.6334134615 0.3365384615 0.0456730769 0.0432692308
0 0.7187500000 0.2980769231 0.0480769231 0.0528846154
0 0.1562500000 0.4158653846 0.0625000000 0.0625000000
0 0.2656250000 0.3774038462 0.0312500000 0.0288461538
0 0.4146634615 0.3617788462 0.0360576923 0.0360576923
0 0.3822115385 0.3894230769 0.0336538462 0.0384615385
0 0.4735576923 0.3750000000 0.0384615385 0.0336538462
0 0.9350961538 0.3942307692 0.0432692308 0.0625000000
0 0.8894230769 0.3557692308 0.0384615385 0.0384615385
0 0.2884615385 0.4711538462 0.0769230769 0.0673076923
0 0.4302884615 0.4627403846 0.0432692308 0.0360576923
0 0.7079326923 0.4603365385 0.0504807692 0.0456730769
0 0.1923076923 0.5312500000 0.0384615385 0.0384615385
0 0.3377403846 0.5576923077 0.0408653846 0.0528846154
0 0.3822115385 0.5408653846 0.0336538462 0.0432692308
0 0.4867788462 0.5036057692 0.0360576923 0.0312500000
0 0.6670673077 0.5745192308 0.0360576923 0.0384615385
0 0.5805288462 0.5769230769 0.0408653846 0.0528846154
0 0.3665865385 0.5853365385 0.0360576923 0.0360576923
0 0.4326923077 0.6274038462 0.0480769231 0.0480769231
0 0.8245192308 0.6562500000 0.0384615385 0.0384615385
0 0.1706730769 0.7115384615 0.0288461538 0.0336538462
0 0.3317307692 0.6802884615 0.0432692308 0.0384615385
0 0.3954326923 0.6646634615 0.0408653846 0.0600961538
0 0.5588942308 0.6742788462 0.0360576923 0.0408653846
0 0.6562500000 0.7007211538 0.0432692308 0.0360576923
0 0.5997596154 0.7355769231 0.0504807692 0.0432692308
0 0.1634615385 0.7824519231 0.0336538462 0.0504807692
0 0.2223557692 0.8149038462 0.0360576923 0.0288461538
0 0.5588942308 0.7992788462 0.0360576923 0.0360576923
0 0.6370192308 0.7848557692 0.0336538462 0.0408653846
0 0.8269230769 0.8088942308 0.0384615385 0.0408653846
0 0.2524038462 0.8629807692 0.0432692308 0.0336538462
0 0.3786057692 0.8269230769 0.0408653846 0.0432692308
0 0.3052884615 0.8990384615 0.0384615385 0.0288461538
0 0.3341346154 0.8581730769 0.0336538462 0.0384615385
0 0.4663461538 0.9026442308 0.0432692308 0.0408653846
0 0.3930288462 0.8966346154 0.0312500000 0.0384615385
0 0.6646634615 0.8461538462 0.0408653846 0.0432692308
0 0.9170673077 0.8617788462 0.0408653846 0.0456730769
0 0.0120192308 0.9519230769 0.0240384615 0.0480769231
0 0.1682692308 0.9086538462 0.0673076923 0.1009615385
0 0.3088942308 0.9615384615 0.0360576923 0.0384615385
0 0.2608173077 0.9567307692 0.0456730769 0.0528846154
0 0.6526442308 0.9627403846 0.0408653846 0.0456730769
0 0.7355769231 0.9459134615 0.0528846154 0.0408653846
0 0.2211538462 0.9819711538 0.0384615385 0.0360576923
0 0.2824519231 0.9879807692 0.0360576923 0.0240384615
0 0.2740384615 0.7247596154 0.0432692308 0.0504807692
