0 0.5360576923 0.9471153846 0.0240384615 0.0240384615
0 0.4735576923 0.9579326923 0.0240384615 0.0360576923
0 0.3413461538 0.9302884615 0.0240384615 0.0336538462
0 0.5877403846 0.9807692308 0.0264423077 0.0288461538
0 0.6526442308 0.9807692308 0.0456730769 0.0384615385
0 0.8197115385 0.9014423077 0.0240384615 0.0336538462
0 0.7127403846 0.8064903846 0.0264423077 0.0264423077
0 0.6141826923 0.8425480769 0.0264423077 0.0264423077
0 0.5468750000 0.8641826923 0.0312500000 0.0360576923
0 0.5781250000 0.8088942308 0.0408653846 0.0360576923
0 0.6550480769 0.7656250000 0.0264423077 0.0264423077
0 0.6995192308 0.6754807692 0.0240384615 0.0336538462
0 0.6382211538 0.6490384615 0.0360576923 0.0288461538
0 0.7632211538 0.6670673077 0.0264423077 0.0408653846
0 0.7920673077 0.6466346154 0.0312500000 0.0336538462
0 0.4026442308 0.8365384615 0.0312500000 0.0288461538
0 0.4879807692 0.7872596154 0.0240384615 0.0264423077
0 0.5456730769 0.6911057692 0.0288461538 0.0312500000
0 0.5504807692 0.6550480769 0.0240384615 0.0456730769
0 0.6658653846 0.5961538462 0.0336538462 0.0240384615
0 0.7608173077 0.6225961538 0.0408653846 0.0384615385
0 0.8629807692 0.6490384615 0.0288461538 0.0336538462
0 0.9230769231 0.6418269231 0.0288461538 0.0240384615
0 0.9663461538 0.6370192308 0.0240384615 0.0384615385
0 0.5000000000 0.8317307692 0.0240384615 0.0288461538
0 0.5168269231 0.8004807692 0.0240384615 0.0240384615
0 0.5769230769 0.7776442308 0.0384615385 0.0360576923
0 0.1850961538 0.9615384615 0.0288461538 0.0240384615
0 0.0360576923 0.9230769231 0.0288461538 0.0240384615
0 0.0252403846 0.8870192308 0.0264423077 0.0432692308
0 0.2536057692 0.8617788462 0.0312500000 0.0264423077
0 0.2848557692 0.8317307692 0.0312500000 0.0240384615
0 0.3100961538 0.8473557692 0.0288461538 0.0312500000
0 0.2704326923 0.7788461538 0.0312500000 0.0336538462
0 0.3173076923 0.7139423077 0.0288461538 0.0240384615
0 0.2223557692 0.7235576923 0.0312500000 0.0384615385
0 0.3798076923 0.7103365385 0.0240384615 0.0360576923
0 0.4050480769 0.6778846154 0.0312500000 0.0240384615
0 0.0144230769 0.7151442308 0.0240384615 0.0264423077
0 0.2259615385 0.8149038462 0.0240384615 0.0240384615
0 0.9218750000 0.9771634615 0.0360576923 0.0456730769
0 0.7932692308 0.8701923077 0.0240384615 0.0240384615
0 0.9122596154 0.8605769231 0.0360576923 0.0288461538
0 0.9074519231 0.7872596154 0.0312500000 0.0264423077
0 0.9579326923 0.7548076923 0.0312500000 0.0336538462
0 0.9747596154 0.7115384615 0.0360576923 0.0288461538
0 0.9867788462 0.7536057692 0.0264423077 0.0360576923
0 0.6346153846 0.7067307692 0.0240384615 0.0240384615
0 0.3521634615 0.7548076923 0.0264423077 0.0240384615
0 0.2439903846 0.6093750000 0.0264423077 0.0312500000
0 0.2572115385 0.5781250000 0.0240384615 0.0264423077
0 0.1670673077 0.5985576923 0.0264423077 0.0336538462
0 0.1742788462 0.5384615385 0.0264423077 0.0336538462
0 0.3954326923 0.5685096154 0.0264423077 0.0312500000
0 0.4302884615 0.5757211538 0.0240384615 0.0360576923
0 0.4555288462 0.5216346154 0.0312500000 0.0384615385
0 0.7127403846 0.5360576923 0.0312500000 0.0240384615
0 0.6322115385 0.5336538462 0.0336538462 0.0240384615
0 0.6778846154 0.5625000000 0.0384615385 0.0384615385
0 0.5817307692 0.5456730769 0.0288461538 0.0240384615
0 0.5420673077 0.5697115385 0.0264423077 0.0288461538
0 0.5084134615 0.4867788462 0.0264423077 0.0408653846
0 0.4975961538 0.4531250000 0.0240384615 0.0360576923
0 0.4399038462 0.4843750000 0.0288461538 0.0264423077
0 0.5264423077 0.4387019231 0.0336538462 0.0264423077
0 0.5625000000 0.4807692308 0.0240384615 0.0336538462
0 0.5168269231 0.4038461538 0.0480769231 0.0288461538
0 0.4771634615 0.4002403846 0.0312500000 0.0264423077
0 0.6766826923 0.4615384615 0.0312500000 0.0432692308
0 0.7512019231 0.4747596154 0.0312500000 0.0264423077
0 0.8064903846 0.5492788462 0.0408653846 0.0360576923
0 0.9122596154 0.5384615385 0.0312500000 0.0336538462
0 0.9615384615 0.5937500000 0.0240384615 0.0480769231
0 0.9867788462 0.4819711538 0.0264423077 0.0408653846
0 0.9519230769 0.4447115385 0.0336538462 0.0384615385
0 0.8473557692 0.5216346154 0.0312500000 0.0240384615
0 0.8004807692 0.5120192308 0.0576923077 0.0432692308
0 0.7860576923 0.4483173077 0.0336538462 0.0312500000
0 0.8245192308 0.7127403846 0.0240384615 0.0360576923
0 0.7548076923 0.3593750000 0.0288461538 0.0312500000
0 0.7500000000 0.4002403846 0.0384615385 0.0408653846
0 0.7872596154 0.3966346154 0.0312500000 0.0240384615
0 0.8197115385 0.3894230769 0.0336538462 0.0336538462
0 0.8088942308 0.3617788462 0.0360576923 0.0264423077
0 0.8040865385 0.3245192308 0.0312500000 0.0336538462
0 0.8413461538 0.3137019231 0.0336538462 0.0408653846
0 0.8810096154 0.2596153846 0.0312500000 0.0432692308
0 0.9387019231 0.2776442308 0.0312500000 0.0312500000
0 0.9651442308 0.2572115385 0.0264423077 0.0288461538
0 0.9338942308 0.3413461538 0.0264423077 0.0240384615
0 0.3521634615 0.5168269231 0.0264423077 0.0336538462
0 0.1526442308 0.4242788462 0.0312500000 0.0312500000
0 0.1526442308 0.3834134615 0.0360576923 0.0264423077
0 0.1850961538 0.3209134615 0.0288461538 0.0312500000
0 0.1610576923 0.2884615385 0.0336538462 0.0288461538
0 0.1826923077 0.2247596154 0.0240384615 0.0312500000
0 0.1418269231 0.2187500000 0.0240384615 0.0240384615
0 0.1562500000 0.1862980769 0.0240384615 0.0264423077
0 0.1418269231 0.1646634615 0.0240384615 0.0312500000
0 0.2656250000 0.1502403846 0.0312500000 0.0408653846
0 0.2752403846 0.2055288462 0.0360576923 0.0504807692
0 0.3185096154 0.1826923077 0.0264423077 0.0336538462
0 0.3317307692 0.1370192308 0.0240384615 0.0240384615
0 0.4927884615 0.1634615385 0.0288461538 0.0288461538
0 0.5576923077 0.1634615385 0.0288461538 0.0288461538
0 0.5588942308 0.1971153846 0.0312500000 0.0240384615
0 0.5865384615 0.2295673077 0.0240384615 0.0264423077
0 0.6177884615 0.2367788462 0.0288461538 0.0504807692
0 0.6658653846 0.2560096154 0.0240384615 0.0264423077
0 0.6802884615 0.3076923077 0.0240384615 0.0240384615
0 0.5925480769 0.3016826923 0.0360576923 0.0264423077
0 0.5709134615 0.3341346154 0.0264423077 0.0336538462
0 0.5336538462 0.3076923077 0.0384615385 0.0432692308
0 0.5504807692 0.2788461538 0.0336538462 0.0288461538
0 0.5288461538 0.2427884615 0.0384615385 0.0240384615
0 0.4627403846 0.2379807692 0.0264423077 0.0336538462
0 0.4326923077 0.2451923077 0.0288461538 0.0336538462
0 0.4014423077 0.2223557692 0.0336538462 0.0264423077
0 0.4026442308 0.2980769231 0.0264423077 0.0288461538
0 0.3786057692 0.3281250000 0.0312500000 0.0360576923
0 0.3894230769 0.3641826923 0.0288461538 0.0312500000
0 0.3233173077 0.3701923077 0.0264423077 0.0288461538
0 0.3112980769 0.3329326923 0.0312500000 0.0312500000
0 0.2752403846 0.4110576923 0.0264423077 0.0240384615
0 0.3437500000 0.2860576923 0.0288461538 0.0240384615
0 0.3137019231 0.2560096154 0.0360576923 0.0264423077
0 0.4459134615 0.1598557692 0.0312500000 0.0264423077
0 0.6141826923 0.1802884615 0.0312500000 0.0240384615
0 0.6418269231 0.1838942308 0.0288461538 0.0312500000
0 0.5937500000 0.1334134615 0.0288461538 0.0264423077
0 0.6442307692 0.1081730769 0.0240384615 0.0288461538
0 0.7908653846 0.1838942308 0.0336538462 0.0312500000
0 0.8281250000 0.1971153846 0.0504807692 0.0240384615
0 0.8497596154 0.2223557692 0.0264423077 0.0264423077
0 0.9675480769 0.1442307692 0.0264423077 0.0288461538
0 0.9807692308 0.1105769231 0.0240384615 0.0240384615
0 0.8413461538 0.1322115385 0.0240384615 0.0240384615
0 0.4170673077 0.6129807692 0.0264423077 0.0240384615
0 0.1105769231 0.5793269231 0.0288461538 0.0336538462
0 0.0901442308 0.4591346154 0.0264423077 0.0288461538
0 0.0432692308 0.3701923077 0.0480769231 0.0336538462
0 0.0396634615 0.4362980769 0.0312500000 0.0456730769
0 0.3521634615 0.0180288462 0.0312500000 0.0264423077
0 0.3930288462 0.0769230769 0.0312500000 0.0240384615
0 0.2247596154 0.0120192308 0.0312500000 0.0240384615
0 0.2487980769 0.0432692308 0.0264423077 0.0288461538
0 0.2728365385 0.0889423077 0.0312500000 0.0384615385
0 0.3762019231 0.1045673077 0.0312500000 0.0264423077
0 0.1033653846 0.0757211538 0.0336538462 0.0312500000
0 0.1310096154 0.0312500000 0.0312500000 0.0240384615
0 0.1826923077 0.0396634615 0.0384615385 0.0456730769
0 0.0757211538 0.0180288462 0.0408653846 0.0360576923
0 0.0216346154 0.0769230769 0.0384615385 0.0288461538
0 0.0612980769 0.0841346154 0.0456730769 0.0432692308
0 0.0817307692 0.2896634615 0.0432692308 0.0312500000
0 0.0228365385 0.2908653846 0.0264423077 0.0288461538
0 0.0132211538 0.1947115385 0.0264423077 0.0336538462
0 0.7848557692 0.0528846154 0.0312500000 0.0240384615
0 0.6682692308 0.0781250000 0.0288461538 0.0264423077
0 0.6069711538 0.0745192308 0.0312500000 0.0240384615
0 0.8209134615 0.0709134615 0.0360576923 0.0360576923
0 0.8677884615 0.0769230769 0.0288461538 0.0336538462
0 0.9855769231 0.0769230769 0.0288461538 0.0336538462
0 0.9879807692 0.0348557692 0.0240384615 0.0264423077
0 0.8990384615 0.0757211538 0.0288461538 0.0264423077
0 0.2091346154 0.6286057692 0.0336538462 0.0312500000
0 0.7487980769 0.8737980769 0.0312500000 0.0312500000
0 0.4074519231 0.7680288462 0.0264423077 0.0264423077
0 0.7740384615 0.7536057692 0.0240384615 0.0312500000
0 0.8028846154 0.7259615385 0.0288461538 0.0240384615
0 0.7211538462 0.4651442308 0.0240384615 0.0456730769
0 0.5576923077 0.4362980769 0.0240384615 0.0264423077
