0 0.9819711538 0.7283653846 0.0360576923 0.0288461538
0 0.9326923077 0.6141826923 0.0288461538 0.0312500000
0 0.9146634615 0.5805288462 0.0360576923 0.0312500000
0 0.7632211538 0.7343750000 0.0456730769 0.0456730769
0 0.7187500000 0.7343750000 0.0384615385 0.0456730769
0 0.6694711538 0.5985576923 0.0456730769 0.0480769231
0 0.7968750000 0.5841346154 0.0408653846 0.0384615385
0 0.9254807692 0.6538461538 0.0432692308 0.0336538462
0 0.8004807692 0.8389423077 0.0384615385 0.0384615385
0 0.7584134615 0.8497596154 0.0360576923 0.0408653846
0 0.8653846154 0.8786057692 0.0336538462 0.0504807692
0 0.8161057692 0.9062500000 0.0504807692 0.0480769231
0 0.8870192308 0.9375000000 0.0480769231 0.0384615385
0 0.9819711538 0.8882211538 0.0360576923 0.0456730769
0 0.9855769231 0.9302884615 0.0288461538 0.0432692308
0 0.4302884615 0.8737980769 0.0528846154 0.0649038462
0 0.4951923077 0.8629807692 0.0528846154 0.0480769231
0 0.5817307692 0.8737980769 0.0432692308 0.0456730769
0 0.4579326923 0.9663461538 0.0504807692 0.0336538462
0 0.2824519231 0.9387019231 0.0360576923 0.0360576923
0 0.3028846154 0.4242788462 0.0528846154 0.0360576923
0 0.2620192308 0.3810096154 0.0528846154 0.0360576923
0 0.3870192308 0.5372596154 0.0432692308 0.0360576923
0 0.3365384615 0.6778846154 0.0384615385 0.0288461538
0 0.2043269231 0.6057692308 0.0336538462 0.0288461538
0 0.1574519231 0.5492788462 0.0456730769 0.0408653846
0 0.2079326923 0.4687500000 0.0456730769 0.0288461538
0 0.6045673077 0.3281250000 0.0408653846 0.0360576923
0 0.7151442308 0.3509615385 0.0408653846 0.0336538462
0 0.7560096154 0.3774038462 0.0312500000 0.0384615385
0 0.8329326923 0.3257211538 0.0408653846 0.0360576923
0 0.9699519231 0.0805288462 0.0360576923 0.0408653846
0 0.7800480769 0.0853365385 0.0408653846 0.0456730769
0 0.1838942308 0.1213942308 0.0360576923 0.0456730769
0 0.2536057692 0.0913461538 0.0552884615 0.0432692308
0 0.3281250000 0.0865384615 0.0456730769 0.0384615385
0 0.6838942308 0.1189903846 0.0264423077 0.0408653846
0 0.6742788462 0.0612980769 0.0360576923 0.0360576923
0 0.3966346154 0.1454326923 0.0336538462 0.0408653846
0 0.3533653846 0.0228365385 0.0384615385 0.0360576923
0 0.0300480769 0.0492788462 0.0456730769 0.0312500000
