0 0.3185096154 0.0504807692 0.0937500000 0.1009615385
0 0.4579326923 0.0336538462 0.0793269231 0.0673076923
0 0.6177884615 0.0360576923 0.0432692308 0.0721153846
0 0.5661057692 0.0300480769 0.0600961538 0.0600961538
0 0.5240384615 0.0973557692 0.0673076923 0.0697115385
0 0.6454326923 0.1574519231 0.0600961538 0.0937500000
0 0.5168269231 0.2139423077 0.0673076923 0.0961538462
0 0.5600961538 0.1682692308 0.0721153846 0.0769230769
0 0.6706730769 0.2632211538 0.0817307692 0.0985576923
0 0.5132211538 0.4471153846 0.0793269231 0.0625000000
0 0.8125000000 0.4579326923 0.0576923077 0.0600961538
0 0.4903846154 0.6718750000 0.0528846154 0.0793269231
0 0.5877403846 0.5360576923 0.0600961538 0.0865384615
0 0.4555288462 0.7992788462 0.0456730769 0.0745192308
