0 0.6370192308 0.2596153846 0.2019230769 0.1105769231
0 0.5576923077 0.4399038462 0.1442307692 0.1298076923
0 0.8413461538 0.7608173077 0.1490384615 0.1081730769
0 0.7944711538 0.9795673077 0.0985576923 0.0408653846
0 0.7115384615 0.9759615385 0.0625000000 0.0480769231
0 0.7127403846 0.9314903846 0.0937500000 0.0697115385
0 0.6406250000 0.9062500000 0.0745192308 0.0961538462
0 0.7668269231 0.8485576923 0.0913461538 0.0913461538
0 0.9591346154 0.4699519231 0.0817307692 0.0985576923
0 0.6658653846 0.7800480769 0.0817307692 0.0889423077
0 0.5673076923 0.8149038462 0.0769230769 0.0769230769
0 0.5060096154 0.8713942308 0.0793269231 0.0937500000
0 0.3425480769 0.3100961538 0.0697115385 0.0625000000
0 0.5132211538 0.5312500000 0.0841346154 0.0817307692
