0 0.2512019231 0.1742788462 0.0600961538 0.0745192308
0 0.3028846154 0.1742788462 0.0480769231 0.0745192308
0 0.3617788462 0.1983173077 0.0600961538 0.0600961538
0 0.3533653846 0.2560096154 0.0384615385 0.0793269231
0 0.3870192308 0.2896634615 0.0384615385 0.0600961538
0 0.4350961538 0.2848557692 0.0576923077 0.0504807692
0 0.2752403846 0.3088942308 0.0600961538 0.0745192308
0 0.3870192308 0.3509615385 0.0625000000 0.0528846154
0 0.4122596154 0.4086538462 0.0360576923 0.0721153846
0 0.4891826923 0.3665865385 0.0889423077 0.0408653846
0 0.4543269231 0.4086538462 0.0384615385 0.0865384615
0 0.5312500000 0.4387019231 0.0865384615 0.0456730769
0 0.8533653846 0.1778846154 0.0480769231 0.0673076923
0 0.0216346154 0.4675480769 0.0432692308 0.0745192308
0 0.1009615385 0.5036057692 0.0673076923 0.0504807692
0 0.1814903846 0.5192307692 0.0745192308 0.0528846154
0 0.0372596154 0.7463942308 0.0552884615 0.0745192308
0 0.1213942308 0.6562500000 0.1081730769 0.0576923077
0 0.2235576923 0.7151442308 0.0576923077 0.0552884615
0 0.2632211538 0.6598557692 0.0408653846 0.0456730769
0 0.3233173077 0.7199519231 0.0841346154 0.0745192308
0 0.5384615385 0.6526442308 0.0769230769 0.0408653846
0 0.4843750000 0.7259615385 0.0552884615 0.0673076923
0 0.5384615385 0.7355769231 0.0528846154 0.0576923077
0 0.5865384615 0.6971153846 0.0576923077 0.0480769231
0 0.3125000000 0.3942307692 0.0769230769 0.0480769231
0 0.3593750000 0.4278846154 0.0649038462 0.0721153846
0 0.3569711538 0.8365384615 0.0793269231 0.0817307692
0 0.3076923077 0.8906250000 0.0576923077 0.0745192308
0 0.1658653846 0.7487980769 0.0480769231 0.0649038462
0 0.4843750000 0.7968750000 0.1129807692 0.0745192308
0 0.4471153846 0.8810096154 0.0721153846 0.0745192308
0 0.3798076923 0.9122596154 0.0625000000 0.0697115385
0 0.3161057692 0.9771634615 0.0600961538 0.0456730769
0 0.7932692308 0.6899038462 0.0913461538 0.0480769231
0 0.8269230769 0.7271634615 0.1009615385 0.0600961538
0 0.8689903846 0.6622596154 0.0552884615 0.0600961538
0 0.8064903846 0.0432692308 0.0504807692 0.0865384615
