0 0.3557692308 0.0817307692 0.0721153846 0.0576923077
0 0.2908653846 0.4290865385 0.0721153846 0.0552884615
0 0.6406250000 0.4495192308 0.0504807692 0.0528846154
0 0.7908653846 0.4399038462 0.0432692308 0.0288461538
0 0.8810096154 0.3978365385 0.0408653846 0.0360576923
0 0.7788461538 0.4182692308 0.0240384615 0.0384615385
0 0.7524038462 0.4471153846 0.0288461538 0.0384615385
0 0.7067307692 0.4194711538 0.0384615385 0.0408653846
0 0.7295673077 0.4519230769 0.0312500000 0.0384615385
0 0.9651442308 0.4194711538 0.0360576923 0.0408653846
0 0.9759615385 0.3653846154 0.0432692308 0.0384615385
0 0.9435096154 0.3533653846 0.0312500000 0.0432692308
0 0.9158653846 0.3858173077 0.0240384615 0.0504807692
0 0.9675480769 0.4627403846 0.0312500000 0.0312500000
0 0.9278846154 0.4387019231 0.0384615385 0.0408653846
0 0.4759615385 0.5552884615 0.0384615385 0.0336538462
0 0.6466346154 0.5360576923 0.0384615385 0.0336538462
0 0.5228365385 0.6057692308 0.0408653846 0.0480769231
0 0.6514423077 0.5757211538 0.0432692308 0.0408653846
0 0.6875000000 0.4663461538 0.0576923077 0.0384615385
0 0.5348557692 0.5192307692 0.0312500000 0.0336538462
0 0.5072115385 0.5336538462 0.0432692308 0.0288461538
0 0.5997596154 0.5444711538 0.0360576923 0.0264423077
0 0.5492788462 0.5649038462 0.0552884615 0.0384615385
0 0.8593750000 0.5733173077 0.0360576923 0.0360576923
0 0.7175480769 0.5697115385 0.0504807692 0.0336538462
0 0.8317307692 0.5168269231 0.0288461538 0.0432692308
0 0.7235576923 0.5372596154 0.0528846154 0.0360576923
0 0.7007211538 0.5192307692 0.0504807692 0.0384615385
0 0.7475961538 0.4927884615 0.0480769231 0.0336538462
0 0.8629807692 0.5060096154 0.0288461538 0.0504807692
0 0.8076923077 0.4711538462 0.0432692308 0.0528846154
0 0.8076923077 0.5324519231 0.0288461538 0.0360576923
0 0.8173076923 0.5673076923 0.0384615385 0.0336538462
0 0.8545673077 0.5516826923 0.0408653846 0.0360576923
0 0.8834134615 0.5865384615 0.0408653846 0.0336538462
0 0.8341346154 0.5973557692 0.0336538462 0.0360576923
0 0.7776442308 0.5480769231 0.0360576923 0.0528846154
0 0.7463942308 0.5961538462 0.0552884615 0.0240384615
0 0.7632211538 0.4687500000 0.0456730769 0.0288461538
0 0.8521634615 0.4735576923 0.0456730769 0.0288461538
0 0.8906250000 0.4891826923 0.0456730769 0.0264423077
0 0.9375000000 0.4927884615 0.0288461538 0.0336538462
0 0.9567307692 0.5709134615 0.0528846154 0.0312500000
0 0.8978365385 0.5240384615 0.0408653846 0.0288461538
0 0.9038461538 0.4663461538 0.0480769231 0.0432692308
0 0.8978365385 0.5552884615 0.0360576923 0.0288461538
0 0.9699519231 0.6081730769 0.0312500000 0.0336538462
0 0.9579326923 0.5396634615 0.0456730769 0.0360576923
0 0.2752403846 0.7271634615 0.0360576923 0.0408653846
0 0.4759615385 0.6959134615 0.0480769231 0.0408653846
0 0.4699519231 0.6514423077 0.0456730769 0.0240384615
0 0.3281250000 0.7331730769 0.0312500000 0.0432692308
0 0.3100961538 0.7055288462 0.0336538462 0.0456730769
0 0.3786057692 0.6574519231 0.0504807692 0.0312500000
0 0.4362980769 0.7007211538 0.0408653846 0.0312500000
0 0.3701923077 0.7151442308 0.0480769231 0.0504807692
0 0.4747596154 0.7500000000 0.0552884615 0.0288461538
0 0.5997596154 0.6442307692 0.0408653846 0.0673076923
0 0.5408653846 0.7199519231 0.0528846154 0.0264423077
0 0.6658653846 0.6262019231 0.0336538462 0.0456730769
0 0.6129807692 0.7223557692 0.0432692308 0.0360576923
0 0.5793269231 0.7307692308 0.0384615385 0.0384615385
0 0.5132211538 0.6478365385 0.0504807692 0.0312500000
0 0.5492788462 0.6406250000 0.0456730769 0.0312500000
0 0.6754807692 0.7007211538 0.0240384615 0.0504807692
0 0.6442307692 0.6971153846 0.0384615385 0.0480769231
0 0.5745192308 0.6141826923 0.0240384615 0.0504807692
0 0.8341346154 0.6562500000 0.0576923077 0.0432692308
0 0.6947115385 0.7500000000 0.0432692308 0.0240384615
0 0.7524038462 0.6382211538 0.0480769231 0.0360576923
0 0.7067307692 0.6394230769 0.0480769231 0.0240384615
0 0.8858173077 0.7283653846 0.0264423077 0.0480769231
0 0.8509615385 0.7259615385 0.0480769231 0.0432692308
0 0.8052884615 0.7007211538 0.0384615385 0.0408653846
0 0.8750000000 0.6177884615 0.0240384615 0.0432692308
0 0.8004807692 0.7247596154 0.0336538462 0.0360576923
0 0.7740384615 0.7019230769 0.0288461538 0.0336538462
0 0.6995192308 0.7031250000 0.0336538462 0.0360576923
0 0.7343750000 0.7007211538 0.0408653846 0.0264423077
0 0.7668269231 0.7451923077 0.0432692308 0.0288461538
0 0.7271634615 0.7439903846 0.0456730769 0.0408653846
0 0.8353365385 0.6225961538 0.0504807692 0.0240384615
0 0.9687500000 0.6490384615 0.0288461538 0.0480769231
0 0.9266826923 0.6562500000 0.0360576923 0.0625000000
0 0.9855769231 0.6850961538 0.0288461538 0.0384615385
0 0.8954326923 0.6213942308 0.0312500000 0.0456730769
0 0.9531250000 0.7007211538 0.0312500000 0.0456730769
0 0.2740384615 0.7764423077 0.0528846154 0.0288461538
0 0.2572115385 0.8317307692 0.0576923077 0.0336538462
0 0.2379807692 0.7800480769 0.0240384615 0.0504807692
0 0.2932692308 0.7560096154 0.0432692308 0.0312500000
0 0.3413461538 0.7680288462 0.0432692308 0.0408653846
0 0.3437500000 0.8149038462 0.0528846154 0.0336538462
0 0.3185096154 0.8581730769 0.0408653846 0.0576923077
0 0.4314903846 0.8822115385 0.0312500000 0.0480769231
0 0.4555288462 0.7704326923 0.0312500000 0.0456730769
0 0.4567307692 0.8701923077 0.0432692308 0.0288461538
0 0.4026442308 0.7620192308 0.0456730769 0.0480769231
0 0.4122596154 0.8161057692 0.0456730769 0.0456730769
0 0.4471153846 0.8137019231 0.0240384615 0.0504807692
0 0.4879807692 0.7824519231 0.0240384615 0.0360576923
0 0.5697115385 0.7740384615 0.0240384615 0.0432692308
0 0.5168269231 0.8173076923 0.0384615385 0.0528846154
0 0.6466346154 0.7872596154 0.0432692308 0.0312500000
0 0.6177884615 0.8016826923 0.0240384615 0.0408653846
0 0.5060096154 0.8557692308 0.0504807692 0.0336538462
0 0.6586538462 0.7596153846 0.0528846154 0.0480769231
0 0.5973557692 0.8341346154 0.0504807692 0.0240384615
0 0.5348557692 0.7536057692 0.0456730769 0.0408653846
0 0.6189903846 0.8762019231 0.0504807692 0.0264423077
0 0.7632211538 0.7860576923 0.0312500000 0.0528846154
0 0.7500000000 0.8978365385 0.0240384615 0.0456730769
0 0.7271634615 0.8473557692 0.0408653846 0.0456730769
0 0.7836538462 0.8653846154 0.0528846154 0.0336538462
0 0.8233173077 0.7752403846 0.0456730769 0.0408653846
0 0.8545673077 0.7608173077 0.0360576923 0.0360576923
0 0.8798076923 0.8437500000 0.0240384615 0.0432692308
0 0.7139423077 0.8906250000 0.0384615385 0.0456730769
0 0.8413461538 0.8293269231 0.0384615385 0.0384615385
0 0.9387019231 0.8677884615 0.0408653846 0.0480769231
0 0.9050480769 0.7788461538 0.0408653846 0.0288461538
0 0.9555288462 0.8389423077 0.0408653846 0.0336538462
0 0.9134615385 0.8197115385 0.0432692308 0.0240384615
0 0.8990384615 0.8810096154 0.0480769231 0.0264423077
0 0.2776442308 0.9783653846 0.0456730769 0.0432692308
0 0.2620192308 0.9447115385 0.0384615385 0.0288461538
0 0.1670673077 0.9038461538 0.0408653846 0.0480769231
0 0.2608173077 0.9098557692 0.0456730769 0.0312500000
0 0.3064903846 0.9447115385 0.0456730769 0.0336538462
0 0.2391826923 0.9579326923 0.0456730769 0.0456730769
0 0.4939903846 0.9098557692 0.0600961538 0.0408653846
0 0.4651442308 0.9615384615 0.0312500000 0.0480769231
0 0.4338942308 0.9831730769 0.0456730769 0.0336538462
0 0.4002403846 0.9495192308 0.0312500000 0.0480769231
0 0.6622596154 0.9579326923 0.0264423077 0.0504807692
0 0.5745192308 0.9591346154 0.0432692308 0.0288461538
0 0.5949519231 0.9375000000 0.0504807692 0.0240384615
0 0.5600961538 0.9170673077 0.0528846154 0.0456730769
0 0.6802884615 0.9002403846 0.0336538462 0.0408653846
0 0.5024038462 0.9507211538 0.0288461538 0.0504807692
0 0.7007211538 0.9411057692 0.0360576923 0.0456730769
0 0.7896634615 0.9050480769 0.0312500000 0.0504807692
0 0.7872596154 0.9687500000 0.0456730769 0.0336538462
0 0.7367788462 0.9411057692 0.0360576923 0.0360576923
0 0.7211538462 0.9819711538 0.0576923077 0.0264423077
0 0.8689903846 0.9759615385 0.0312500000 0.0336538462
0 0.8533653846 0.9423076923 0.0432692308 0.0288461538
0 0.7572115385 0.9747596154 0.0384615385 0.0408653846
0 0.9242788462 0.9170673077 0.0408653846 0.0456730769
0 0.9639423077 0.9230769231 0.0336538462 0.0384615385
0 0.9639423077 0.9615384615 0.0240384615 0.0288461538
