0 0.6778846154 0.5444711538 0.1730769231 0.1177884615
0 0.5252403846 0.4603365385 0.1225961538 0.1514423077
0 0.3846153846 0.4975961538 0.1538461538 0.1442307692
0 0.3293269231 0.3365384615 0.1201923077 0.1298076923
0 0.5168269231 0.1009615385 0.1826923077 0.1057692308
0 0.1658653846 0.4747596154 0.1490384615 0.0985576923
0 0.1658653846 0.5889423077 0.1250000000 0.1105769231
0 0.2764423077 0.8425480769 0.0961538462 0.1177884615
0 0.3557692308 0.9038461538 0.0913461538 0.1730769231
0 0.7031250000 0.9651442308 0.1129807692 0.0697115385
0 0.9098557692 0.9639423077 0.1129807692 0.0721153846
0 0.1646634615 0.9435096154 0.1225961538 0.1129807692
0 0.1754807692 0.8173076923 0.1105769231 0.1298076923
0 0.0504807692 0.8942307692 0.1009615385 0.0865384615
