0 0.7127403846 0.0588942308 0.0312500000 0.0408653846
0 0.7644230769 0.0625000000 0.0384615385 0.0432692308
0 0.7728365385 0.1069711538 0.0264423077 0.0456730769
0 0.8377403846 0.1562500000 0.0360576923 0.0288461538
0 0.8617788462 0.1862980769 0.0264423077 0.0360576923
0 0.8329326923 0.2319711538 0.0312500000 0.0264423077
0 0.8653846154 0.2656250000 0.0384615385 0.0360576923
0 0.7548076923 0.1466346154 0.0384615385 0.0288461538
0 0.7031250000 0.1394230769 0.0264423077 0.0336538462
0 0.7331730769 0.1718750000 0.0240384615 0.0360576923
0 0.7656250000 0.1754807692 0.0360576923 0.0288461538
0 0.7920673077 0.2536057692 0.0456730769 0.0264423077
0 0.7776442308 0.2872596154 0.0264423077 0.0360576923
0 0.7331730769 0.2728365385 0.0240384615 0.0312500000
0 0.7079326923 0.2728365385 0.0264423077 0.0312500000
0 0.6802884615 0.2572115385 0.0240384615 0.0432692308
0 0.5889423077 0.2379807692 0.0432692308 0.0240384615
0 0.5721153846 0.2019230769 0.0240384615 0.0384615385
0 0.5540865385 0.2367788462 0.0264423077 0.0312500000
0 0.5240384615 0.2403846154 0.0288461538 0.0288461538
0 0.5024038462 0.2608173077 0.0288461538 0.0264423077
0 0.5745192308 0.2692307692 0.0288461538 0.0288461538
0 0.6165865385 0.2692307692 0.0312500000 0.0288461538
0 0.8052884615 0.3341346154 0.0336538462 0.0336538462
0 0.5961538462 0.3437500000 0.0240384615 0.0288461538
0 0.6298076923 0.3485576923 0.0240384615 0.0384615385
0 0.7728365385 0.3834134615 0.0312500000 0.0264423077
0 0.8497596154 0.4795673077 0.0408653846 0.0360576923
0 0.7223557692 0.4254807692 0.0360576923 0.0384615385
0 0.6490384615 0.4975961538 0.0432692308 0.0288461538
0 0.6862980769 0.4903846154 0.0408653846 0.0288461538
0 0.7596153846 0.4891826923 0.0384615385 0.0408653846
0 0.7812500000 0.5504807692 0.0288461538 0.0384615385
0 0.7536057692 0.5588942308 0.0312500000 0.0264423077
0 0.8064903846 0.5853365385 0.0312500000 0.0264423077
0 0.6754807692 0.5637019231 0.0240384615 0.0408653846
0 0.5949519231 0.5709134615 0.0360576923 0.0264423077
0 0.5564903846 0.5805288462 0.0264423077 0.0312500000
0 0.5132211538 0.5420673077 0.0456730769 0.0312500000
0 0.5384615385 0.6610576923 0.0384615385 0.0432692308
0 0.5625000000 0.6790865385 0.0240384615 0.0360576923
0 0.5853365385 0.6682692308 0.0264423077 0.0432692308
0 0.6430288462 0.6959134615 0.0312500000 0.0408653846
0 0.6346153846 0.6286057692 0.0288461538 0.0264423077
0 0.6802884615 0.6274038462 0.0288461538 0.0240384615
0 0.6802884615 0.6057692308 0.0288461538 0.0240384615
0 0.7151442308 0.6129807692 0.0312500000 0.0432692308
0 0.7439903846 0.6021634615 0.0360576923 0.0408653846
0 0.5228365385 0.5709134615 0.0312500000 0.0264423077
0 0.5576923077 0.7668269231 0.0288461538 0.0336538462
0 0.5024038462 0.7391826923 0.0288461538 0.0408653846
0 0.4903846154 0.7800480769 0.0432692308 0.0264423077
0 0.5072115385 0.8137019231 0.0288461538 0.0360576923
0 0.5456730769 0.8100961538 0.0288461538 0.0240384615
0 0.5240384615 0.9783653846 0.0288461538 0.0432692308
0 0.4399038462 0.8858173077 0.0384615385 0.0312500000
0 0.4411057692 0.8509615385 0.0264423077 0.0336538462
0 0.5745192308 0.9326923077 0.0336538462 0.0336538462
0 0.6009615385 0.9254807692 0.0288461538 0.0336538462
0 0.6682692308 0.8581730769 0.0336538462 0.0288461538
0 0.1610576923 0.3449519231 0.0288461538 0.0264423077
