0 0.8437500000 0.1718750000 0.0865384615 0.1706730769
0 0.5540865385 0.7632211538 0.1177884615 0.2475961538
0 0.4050480769 0.5745192308 0.1274038462 0.2211538462
0 0.2668269231 0.6177884615 0.1923076923 0.1298076923
0 0.1430288462 0.4050480769 0.1322115385 0.2043269231
0 0.2584134615 0.9795673077 0.1370192308 0.0408653846
0 0.1069711538 0.9375000000 0.1129807692 0.1250000000
0 0.1081730769 0.7271634615 0.0913461538 0.2283653846
0 0.0228365385 0.9134615385 0.0456730769 0.1730769231
0 0.7692307692 0.9795673077 0.2548076923 0.0408653846
