0 0.5156250000 0.3894230769 0.0408653846 0.0480769231
0 0.8161057692 0.3966346154 0.0408653846 0.0576923077
0 0.8281250000 0.3521634615 0.0312500000 0.0552884615
0 0.8581730769 0.3221153846 0.0480769231 0.0336538462
0 0.9302884615 0.4735576923 0.0336538462 0.0528846154
0 0.9579326923 0.6382211538 0.0456730769 0.0504807692
0 0.7992788462 0.6442307692 0.0456730769 0.0288461538
0 0.8040865385 0.1766826923 0.0264423077 0.0408653846
0 0.6911057692 0.0408653846 0.0264423077 0.0336538462
0 0.3569711538 0.1189903846 0.0697115385 0.0504807692
0 0.6466346154 0.8197115385 0.0384615385 0.0384615385
0 0.6225961538 0.7716346154 0.0240384615 0.0336538462
0 0.5769230769 0.8389423077 0.0288461538 0.0432692308
0 0.4375000000 0.7812500000 0.0240384615 0.0432692308
0 0.7175480769 0.8533653846 0.0360576923 0.0528846154
0 0.6850961538 0.8750000000 0.0336538462 0.0384615385
0 0.6610576923 0.9338942308 0.0480769231 0.0312500000
0 0.6237980769 0.9783653846 0.0408653846 0.0432692308
0 0.7463942308 0.9555288462 0.0264423077 0.0360576923
0 0.8257211538 0.9002403846 0.0360576923 0.0264423077
0 0.8064903846 0.7932692308 0.0456730769 0.0384615385
0 0.8701923077 0.9447115385 0.0384615385 0.0336538462
0 0.8978365385 0.9783653846 0.0360576923 0.0432692308
0 0.9134615385 0.6826923077 0.0432692308 0.0432692308
