0 0.5216346154 0.9531250000 0.0288461538 0.0264423077
0 0.5240384615 0.9074519231 0.0288461538 0.0312500000
0 0.5228365385 0.8737980769 0.0264423077 0.0360576923
0 0.5769230769 0.7704326923 0.0288461538 0.0312500000
0 0.6165865385 0.7584134615 0.0312500000 0.0312500000
0 0.4326923077 0.7043269231 0.0288461538 0.0240384615
0 0.4002403846 0.7487980769 0.0312500000 0.0312500000
0 0.4182692308 0.7716346154 0.0384615385 0.0288461538
0 0.4627403846 0.8088942308 0.0312500000 0.0456730769
0 0.4879807692 0.8076923077 0.0240384615 0.0384615385
0 0.4399038462 0.8365384615 0.0288461538 0.0240384615
0 0.4098557692 0.8557692308 0.0264423077 0.0240384615
0 0.3353365385 0.8990384615 0.0312500000 0.0288461538
0 0.3100961538 0.8497596154 0.0336538462 0.0264423077
0 0.2175480769 0.8870192308 0.0312500000 0.0336538462
0 0.3521634615 0.9627403846 0.0408653846 0.0408653846
0 0.1586538462 0.9531250000 0.0432692308 0.0312500000
0 0.1310096154 0.8485576923 0.0408653846 0.0384615385
0 0.1586538462 0.7824519231 0.0288461538 0.0504807692
0 0.0913461538 0.8257211538 0.0384615385 0.0312500000
0 0.0504807692 0.7956730769 0.0240384615 0.0288461538
0 0.0721153846 0.8605769231 0.0240384615 0.0288461538
0 0.1105769231 0.8954326923 0.0288461538 0.0264423077
0 0.1189903846 0.6598557692 0.0312500000 0.0312500000
0 0.1117788462 0.6286057692 0.0360576923 0.0360576923
0 0.1899038462 0.6165865385 0.0288461538 0.0312500000
0 0.2355769231 0.6009615385 0.0480769231 0.0384615385
0 0.2007211538 0.6646634615 0.0264423077 0.0408653846
0 0.2307692308 0.6574519231 0.0240384615 0.0360576923
0 0.3497596154 0.6586538462 0.0360576923 0.0336538462
0 0.3798076923 0.6346153846 0.0288461538 0.0288461538
0 0.4098557692 0.6418269231 0.0264423077 0.0288461538
0 0.4687500000 0.5829326923 0.0384615385 0.0264423077
0 0.4338942308 0.6129807692 0.0504807692 0.0384615385
0 0.0673076923 0.6310096154 0.0336538462 0.0264423077
0 0.0216346154 0.6322115385 0.0336538462 0.0240384615
0 0.0156250000 0.6117788462 0.0312500000 0.0312500000
0 0.4555288462 0.5276442308 0.0408653846 0.0312500000
0 0.3473557692 0.5060096154 0.0312500000 0.0360576923
0 0.5072115385 0.4387019231 0.0288461538 0.0264423077
0 0.6117788462 0.4399038462 0.0360576923 0.0288461538
0 0.6418269231 0.4218750000 0.0480769231 0.0360576923
0 0.6394230769 0.3882211538 0.0288461538 0.0264423077
0 0.7487980769 0.4819711538 0.0408653846 0.0360576923
0 0.7391826923 0.5168269231 0.0408653846 0.0240384615
0 0.7451923077 0.6117788462 0.0288461538 0.0360576923
0 0.8461538462 0.4266826923 0.0384615385 0.0264423077
0 0.9278846154 0.3822115385 0.0336538462 0.0240384615
0 0.9423076923 0.4266826923 0.0240384615 0.0264423077
0 0.9254807692 0.5060096154 0.0288461538 0.0264423077
0 0.0216346154 0.3197115385 0.0336538462 0.0336538462
0 0.1995192308 0.2764423077 0.0336538462 0.0288461538
0 0.2103365385 0.2379807692 0.0264423077 0.0336538462
0 0.2343750000 0.2632211538 0.0264423077 0.0360576923
0 0.3581730769 0.3461538462 0.0288461538 0.0384615385
0 0.0841346154 0.2019230769 0.0240384615 0.0336538462
0 0.1899038462 0.0997596154 0.0288461538 0.0312500000
0 0.6454326923 0.1802884615 0.0264423077 0.0432692308
0 0.6875000000 0.1009615385 0.0384615385 0.0336538462
0 0.7139423077 0.1274038462 0.0432692308 0.0384615385
0 0.9158653846 0.2007211538 0.0336538462 0.0360576923
0 0.9543269231 0.1682692308 0.0336538462 0.0288461538
0 0.9807692308 0.2500000000 0.0288461538 0.0336538462
0 0.3858173077 0.4783653846 0.0264423077 0.0288461538
0 0.4242788462 0.4278846154 0.0264423077 0.0336538462
0 0.8774038462 0.1694711538 0.0288461538 0.0264423077
