0 0.1322115385 0.1274038462 0.0721153846 0.0432692308
0 0.1057692308 0.1730769231 0.0576923077 0.0480769231
0 0.2560096154 0.1887019231 0.0552884615 0.0456730769
0 0.1682692308 0.2512019231 0.0865384615 0.0697115385
0 0.2956730769 0.2283653846 0.0480769231 0.0576923077
0 0.3185096154 0.3028846154 0.0697115385 0.0480769231
0 0.4134615385 0.3605769231 0.0480769231 0.0480769231
0 0.4927884615 0.3737980769 0.0625000000 0.0600961538
0 0.6201923077 0.4194711538 0.0528846154 0.0649038462
0 0.0468750000 0.3401442308 0.0697115385 0.0600961538
0 0.1658653846 0.3317307692 0.0480769231 0.0528846154
0 0.2836538462 0.4350961538 0.0336538462 0.0432692308
0 0.2343750000 0.4519230769 0.0504807692 0.0480769231
0 0.5396634615 0.4939903846 0.0552884615 0.0600961538
0 0.6574519231 0.5697115385 0.0456730769 0.0528846154
0 0.7043269231 0.5528846154 0.0384615385 0.0480769231
0 0.7800480769 0.5937500000 0.0456730769 0.0817307692
0 0.6802884615 0.6610576923 0.0432692308 0.0432692308
0 0.6538461538 0.7524038462 0.0576923077 0.0528846154
0 0.7139423077 0.9098557692 0.0528846154 0.0793269231
0 0.8533653846 0.8629807692 0.0480769231 0.0480769231
0 0.8786057692 0.7367788462 0.0504807692 0.0504807692
0 0.5360576923 0.6814903846 0.0384615385 0.0504807692
0 0.4771634615 0.6850961538 0.0600961538 0.0576923077
0 0.5156250000 0.5997596154 0.0552884615 0.0552884615
0 0.4254807692 0.6298076923 0.0528846154 0.0673076923
0 0.4122596154 0.7031250000 0.0408653846 0.0456730769
0 0.3521634615 0.7524038462 0.0360576923 0.0384615385
0 0.2992788462 0.7788461538 0.0456730769 0.0432692308
0 0.2067307692 0.7968750000 0.0432692308 0.0552884615
0 0.2860576923 0.8281250000 0.0576923077 0.0552884615
0 0.3846153846 0.8161057692 0.0480769231 0.0456730769
0 0.5120192308 0.8257211538 0.0528846154 0.0360576923
0 0.0769230769 0.7944711538 0.0480769231 0.0408653846
0 0.0889423077 0.6033653846 0.0576923077 0.0625000000
0 0.1802884615 0.5120192308 0.0528846154 0.0384615385
0 0.0925480769 0.5180288462 0.0841346154 0.0889423077
0 0.0252403846 0.6502403846 0.0504807692 0.0841346154
