0 0.1971153846 0.4235924933 0.1923076923 0.1608579088
0 0.5312500000 0.3458445040 0.0865384615 0.0965147453
0 0.6213942308 0.2721179625 0.0649038462 0.0831099196
0 0.6550480769 0.1983914209 0.0889423077 0.0804289544
0 0.7500000000 0.3016085791 0.0961538462 0.1313672922
0 0.6538461538 0.7439678284 0.0961538462 0.0777479893
0 0.5192307692 0.8002680965 0.0769230769 0.1045576408
0 0.6442307692 0.8391420912 0.1009615385 0.1340482574
0 0.7295673077 0.8324396783 0.0793269231 0.1206434316
0 0.7463942308 0.4128686327 0.1274038462 0.0750670241
0 0.5925480769 0.4034852547 0.0937500000 0.1152815013
0 0.6706730769 0.3498659517 0.0625000000 0.0938337802
