0 0.4411057692 0.0180288462 0.0408653846 0.0312500000
0 0.5637019231 0.0697115385 0.0360576923 0.0432692308
0 0.2944711538 0.1069711538 0.0456730769 0.0456730769
0 0.1923076923 0.1346153846 0.0336538462 0.0336538462
0 0.2343750000 0.1682692308 0.0360576923 0.0288461538
0 0.3954326923 0.1081730769 0.0360576923 0.0432692308
0 0.3257211538 0.1718750000 0.0408653846 0.0312500000
0 0.4050480769 0.1634615385 0.0504807692 0.0576923077
0 0.5661057692 0.1646634615 0.0504807692 0.0504807692
0 0.4651442308 0.1370192308 0.0264423077 0.0336538462
0 0.6406250000 0.1009615385 0.0697115385 0.0480769231
0 0.3906250000 0.2199519231 0.0504807692 0.0264423077
0 0.3677884615 0.2475961538 0.0384615385 0.0432692308
0 0.3173076923 0.2199519231 0.0384615385 0.0360576923
0 0.5516826923 0.2115384615 0.0360576923 0.0384615385
0 0.5036057692 0.2187500000 0.0408653846 0.0384615385
0 0.6153846154 0.2331730769 0.0528846154 0.0625000000
0 0.2403846154 0.3185096154 0.0432692308 0.0504807692
0 0.1646634615 0.2824519231 0.0456730769 0.0552884615
0 0.1923076923 0.3161057692 0.0288461538 0.0360576923
0 0.5192307692 0.3016826923 0.0336538462 0.0360576923
0 0.6790865385 0.3064903846 0.0264423077 0.0456730769
0 0.7512019231 0.2932692308 0.0408653846 0.0384615385
0 0.8028846154 0.2908653846 0.0384615385 0.0384615385
0 0.0168269231 0.3750000000 0.0336538462 0.0528846154
0 0.2728365385 0.3701923077 0.0408653846 0.0384615385
0 0.1911057692 0.3978365385 0.0552884615 0.0841346154
0 0.6129807692 0.4158653846 0.0625000000 0.0432692308
0 0.4831730769 0.3533653846 0.0384615385 0.0336538462
0 0.5625000000 0.3581730769 0.0336538462 0.0288461538
0 0.5432692308 0.3930288462 0.0336538462 0.0408653846
0 0.7199519231 0.3617788462 0.0312500000 0.0552884615
0 0.6682692308 0.4110576923 0.0432692308 0.0288461538
0 0.6370192308 0.3557692308 0.0336538462 0.0384615385
0 0.7944711538 0.4218750000 0.0504807692 0.0360576923
0 0.0841346154 0.4951923077 0.0384615385 0.0384615385
0 0.1382211538 0.4411057692 0.0360576923 0.0456730769
0 0.3389423077 0.4495192308 0.0384615385 0.0432692308
0 0.7680288462 0.4495192308 0.0504807692 0.0288461538
0 0.7463942308 0.4963942308 0.0649038462 0.0408653846
0 0.9074519231 0.4735576923 0.0360576923 0.0384615385
0 0.0600961538 0.5384615385 0.0432692308 0.0384615385
0 0.2596153846 0.5757211538 0.0336538462 0.0408653846
0 0.2560096154 0.5096153846 0.0649038462 0.0769230769
0 0.4290865385 0.5444711538 0.0504807692 0.0408653846
0 0.4591346154 0.5805288462 0.0480769231 0.0360576923
0 0.5769230769 0.5504807692 0.0480769231 0.0384615385
0 0.7500000000 0.5336538462 0.0528846154 0.0480769231
0 0.6706730769 0.5781250000 0.0432692308 0.0408653846
0 0.6478365385 0.5300480769 0.0360576923 0.0456730769
0 0.7127403846 0.5516826923 0.0408653846 0.0408653846
0 0.1358173077 0.6586538462 0.0697115385 0.0384615385
0 0.0588942308 0.6045673077 0.0793269231 0.0841346154
0 0.2500000000 0.6189903846 0.0528846154 0.0408653846
0 0.5396634615 0.5865384615 0.0408653846 0.0384615385
0 0.5552884615 0.6346153846 0.0480769231 0.0528846154
0 0.6478365385 0.6213942308 0.0504807692 0.0456730769
0 0.8858173077 0.6081730769 0.0456730769 0.0576923077
0 0.9759615385 0.6514423077 0.0432692308 0.0432692308
0 0.4411057692 0.7343750000 0.0552884615 0.0600961538
0 0.5108173077 0.6887019231 0.0408653846 0.0456730769
0 0.8954326923 0.6923076923 0.0456730769 0.0432692308
0 0.1250000000 0.7500000000 0.0432692308 0.0336538462
0 0.5432692308 0.8088942308 0.0288461538 0.0264423077
0 0.7139423077 0.7692307692 0.0673076923 0.0625000000
0 0.9026442308 0.8197115385 0.0600961538 0.0769230769
0 0.2475961538 0.8605769231 0.0432692308 0.0432692308
0 0.4711538462 0.8413461538 0.0528846154 0.0528846154
0 0.5240384615 0.8978365385 0.0384615385 0.0408653846
0 0.5673076923 0.8413461538 0.0432692308 0.0384615385
0 0.6514423077 0.8990384615 0.0480769231 0.0384615385
0 0.7439903846 0.8653846154 0.0456730769 0.0528846154
0 0.6935096154 0.8401442308 0.0456730769 0.0504807692
0 0.8149038462 0.8545673077 0.0528846154 0.0360576923
0 0.0889423077 0.9639423077 0.0384615385 0.0384615385
0 0.3329326923 0.9783653846 0.0552884615 0.0432692308
0 0.6370192308 0.9783653846 0.0432692308 0.0384615385
0 0.6947115385 0.9170673077 0.0432692308 0.0360576923
0 0.7211538462 0.9807692308 0.0432692308 0.0384615385
0 0.8185096154 0.9242788462 0.1225961538 0.0408653846
0 0.9699519231 0.9711538462 0.0408653846 0.0336538462
0 0.2187500000 0.0552884615 0.0336538462 0.0528846154
0 0.3485576923 0.0757211538 0.0288461538 0.0312500000
0 0.9663461538 0.7800480769 0.0288461538 0.0360576923
