0 0.2295673077 0.8377403846 0.0456730769 0.0552884615
0 0.0733173077 0.9639423077 0.0408653846 0.0336538462
0 0.2524038462 0.6141826923 0.0384615385 0.0312500000
0 0.3125000000 0.8233173077 0.0384615385 0.0504807692
0 0.4038461538 0.8437500000 0.0384615385 0.0528846154
0 0.4435096154 0.9290865385 0.0360576923 0.0504807692
0 0.5432692308 0.9122596154 0.0336538462 0.0312500000
0 0.6995192308 0.9603365385 0.0528846154 0.0408653846
0 0.7812500000 0.9182692308 0.0240384615 0.0336538462
0 0.0649038462 0.5156250000 0.0528846154 0.0649038462
0 0.1706730769 0.4074519231 0.0432692308 0.0504807692
0 0.2716346154 0.4399038462 0.0432692308 0.0432692308
0 0.2728365385 0.5372596154 0.0360576923 0.0408653846
0 0.6105769231 0.2896634615 0.0384615385 0.0408653846
0 0.6730769231 0.2463942308 0.0384615385 0.0408653846
0 0.5673076923 0.1947115385 0.0432692308 0.0336538462
0 0.5492788462 0.1538461538 0.0408653846 0.0384615385
0 0.2800480769 0.1586538462 0.0360576923 0.0384615385
0 0.2187500000 0.1430288462 0.0432692308 0.0408653846
0 0.7656250000 0.1694711538 0.0360576923 0.0360576923
0 0.8064903846 0.1622596154 0.0360576923 0.0312500000
0 0.9002403846 0.2536057692 0.0360576923 0.0360576923
0 0.8497596154 0.4603365385 0.0408653846 0.0312500000
0 0.3713942308 0.0120192308 0.0360576923 0.0240384615
0 0.4879807692 0.0204326923 0.0384615385 0.0360576923
0 0.4783653846 0.0961538462 0.0432692308 0.0480769231
0 0.6262019231 0.0721153846 0.0889423077 0.0769230769
0 0.7644230769 0.0985576923 0.0480769231 0.0384615385
