0 0.2692307692 0.8100961538 0.0961538462 0.1298076923
0 0.6778846154 0.7367788462 0.1009615385 0.1033653846
0 0.6033653846 0.8197115385 0.0817307692 0.0673076923
0 0.5036057692 0.9747596154 0.1129807692 0.0504807692
0 0.3882211538 0.9807692308 0.0841346154 0.0384615385
0 0.8762019231 0.9867788462 0.1033653846 0.0264423077
0 0.8665865385 0.9435096154 0.0793269231 0.0697115385
0 0.9615384615 0.8942307692 0.0769230769 0.0865384615
0 0.8569711538 0.8377403846 0.1370192308 0.0600961538
0 0.8149038462 0.7836538462 0.0961538462 0.0769230769
0 0.7103365385 0.8112980769 0.0937500000 0.0745192308
0 0.7019230769 0.9110576923 0.0769230769 0.1057692308
0 0.7752403846 0.9194711538 0.0793269231 0.1033653846
0 0.9855769231 0.4062500000 0.0288461538 0.0769230769
0 0.9831730769 0.3353365385 0.0336538462 0.0600961538
0 0.8725961538 0.3245192308 0.0817307692 0.0913461538
0 0.9627403846 0.2331730769 0.0745192308 0.0576923077
0 0.9711538462 0.1694711538 0.0576923077 0.0697115385
