0 0.5310734463 0.4123076923 0.0988700565 0.1148717949
0 0.2923728814 0.2400000000 0.1087570621 0.1128205128
0 0.1723163842 0.2441025641 0.1115819209 0.0892307692
0 0.5579096045 0.1271794872 0.1002824859 0.1056410256
0 0.7048022599 0.1302564103 0.1186440678 0.0912820513
0 0.8446327684 0.1138461538 0.0946327684 0.0861538462
0 0.4590395480 0.5928205128 0.1454802260 0.1384615385
0 0.2161016949 0.5938461538 0.1214689266 0.0912820513
0 0.4830508475 0.8317948718 0.1257062147 0.0871794872
0 0.6553672316 0.8953846154 0.0960451977 0.1148717949
