0 0.7181347150 0.5920852359 0.0269430052 0.0295281583
0 0.5271157168 0.6794520548 0.0297063903 0.0197869102
0 0.8777202073 0.7726027397 0.0297063903 0.0210045662
0 0.0452504318 0.9406392694 0.0231433506 0.0197869102
0 0.0635578584 0.8916286149 0.0189982729 0.0188736682
0 0.1305699482 0.9217656012 0.0231433506 0.0207001522
0 0.2449050086 0.9074581431 0.0293609672 0.0158295282
0 0.2217616580 0.8532724505 0.0238341969 0.0155251142
0 0.1430051813 0.8213089802 0.0176165803 0.0240487062
0 0.5492227979 0.9223744292 0.0248704663 0.0200913242
0 0.6932642487 0.7710806697 0.0252158895 0.0164383562
0 0.1903281520 0.4353120244 0.0186528497 0.0243531202
0 0.2956822107 0.3001522070 0.0169257340 0.0164383562
0 0.2849740933 0.2770167428 0.0200345423 0.0255707763
0 0.4252158895 0.1929984779 0.0196891192 0.0234398782
0 0.7502590674 0.2709284627 0.0262521589 0.0228310502
0 0.7948186528 0.2590563166 0.0269430052 0.0200913242
0 0.8255613126 0.2891933029 0.0283246978 0.0301369863
0 0.6037996546 0.3713850837 0.0386873921 0.0149162861
0 0.5450777202 0.3607305936 0.0321243523 0.0197869102
0 0.6127806563 0.3065449011 0.0148531952 0.0203957382
0 0.5626943005 0.0359208524 0.0196891192 0.0207001522
0 0.5640759931 0.0127853881 0.0207253886 0.0222222222
0 0.5879101900 0.0228310502 0.0110535406 0.0203957382
0 0.5889464594 0.0514459665 0.0124352332 0.0173515982
0 0.6252158895 0.0404870624 0.0145077720 0.0176560122
0 0.6259067358 0.1242009132 0.0203799655 0.0222222222
0 0.6604490501 0.0657534247 0.0189982729 0.0200913242
0 0.6873920553 0.0946727549 0.0172711572 0.0222222222
0 0.7174438687 0.1427701674 0.0158894646 0.0176560122
0 0.6725388601 0.1354642314 0.0138169257 0.0133942161
0 0.5861830743 0.2267884323 0.0117443869 0.0219178082
0 0.7260794473 0.0563165906 0.0207253886 0.0255707763
0 0.7471502591 0.0566210046 0.0200345423 0.0197869102
0 0.7547495682 0.0304414003 0.0169257340 0.0243531202
0 0.7143350604 0.1220700152 0.0165803109 0.0210045662
0 0.2449050086 0.6328767123 0.0145077720 0.0176560122
0 0.4031088083 0.7007610350 0.0196891192 0.0133942161
