0 0.1255411255 0.3302564103 0.0248917749 0.0348717949
0 0.1396103896 0.4082051282 0.0216450216 0.0246153846
0 0.3008658009 0.5302564103 0.0313852814 0.0287179487
0 0.3582251082 0.5589743590 0.0173160173 0.0276923077
0 0.3798701299 0.5200000000 0.0205627706 0.0205128205
0 0.1839826840 0.6820512821 0.0216450216 0.0235897436
0 0.4090909091 0.6933333333 0.0227272727 0.0276923077
0 0.2164502165 0.7128205128 0.0216450216 0.0194871795
0 0.9837662338 0.8635897436 0.0194805195 0.0328205128
0 0.9058441558 0.9343589744 0.0259740260 0.0235897436
0 0.9707792208 0.9620512821 0.0324675325 0.0307692308
0 0.8831168831 0.9815384615 0.0259740260 0.0174358974
0 0.8363636364 0.6960127592 0.0198653199 0.0204146730
0 0.8067340067 0.1629984051 0.0154882155 0.0197767145
0 0.8309764310 0.1722488038 0.0235690236 0.0220095694
0 0.6690235690 0.0912280702 0.0131313131 0.0172248804
0 0.3855218855 0.5448165869 0.0232323232 0.0223285486
