0 0.5996254682 0.4454172367 0.0235955056 0.0207934337
0 0.5134831461 0.4495212038 0.0235955056 0.0136798906
0 0.6730337079 0.4714090287 0.0183520599 0.0150478796
0 0.5385767790 0.5291381669 0.0205992509 0.0145006840
0 0.9138576779 0.4300957592 0.0198501873 0.0196990424
0 0.8943820225 0.4801641587 0.0176029963 0.0139534884
0 0.6400749064 0.3398084815 0.0273408240 0.0145006840
0 0.4224719101 0.3233926129 0.0258426966 0.0164158687
0 0.4509363296 0.1824897401 0.0314606742 0.0158686731
0 0.4711610487 0.1373461012 0.0254681648 0.0199726402
0 0.5456928839 0.1674418605 0.0202247191 0.0194254446
0 0.6692883895 0.1567715458 0.0295880150 0.0194254446
0 0.6453183521 0.1039671683 0.0314606742 0.0169630643
0 0.5584269663 0.0766073871 0.0198501873 0.0232558140
0 0.4097378277 0.2268125855 0.0176029963 0.0147742818
0 0.1749063670 0.5608755130 0.0228464419 0.0207934337
0 0.0475655431 0.7023255814 0.0273408240 0.0128590971
0 0.0318352060 0.6320109439 0.0247191011 0.0196990424
0 0.4865168539 0.5704514364 0.0161048689 0.0134062927
0 0.5063670412 0.5740082079 0.0146067416 0.0147742818
0 0.5853932584 0.5816689466 0.0123595506 0.0158686731
0 0.5992509363 0.5945280438 0.0127340824 0.0155950752
0 0.6940074906 0.7236662107 0.0243445693 0.0177838577
0 0.6906367041 0.6470588235 0.0198501873 0.0131326949
0 0.7749063670 0.7915184679 0.0194756554 0.0205198358
0 0.8007490637 0.7827633379 0.0198501873 0.0199726402
0 0.8621722846 0.7980848153 0.0258426966 0.0161422709
0 0.8059925094 0.9367989056 0.0247191011 0.0232558140
0 0.8906367041 0.8604651163 0.0303370787 0.0311901505
0 0.6722846442 0.8186046512 0.0228464419 0.0153214774
0 0.5707865169 0.8128590971 0.0224719101 0.0196990424
0 0.5235955056 0.7956224350 0.0164794007 0.0191518468
0 0.4801498127 0.7822161423 0.0198501873 0.0191518468
0 0.1074906367 0.3805745554 0.0220973783 0.0150478796
