0 0.8002283105 0.6451282051 0.0342465753 0.0400000000
0 0.6815068493 0.8010256410 0.0262557078 0.0369230769
0 0.7066210046 0.8082051282 0.0251141553 0.0389743590
0 0.9474885845 0.5282051282 0.0468036530 0.0461538462
0 0.9463470320 0.4717948718 0.0410958904 0.0492307692
0 0.6312785388 0.2779487179 0.0490867580 0.0430769231
0 0.2294520548 0.4800000000 0.0513698630 0.0256410256
0 0.1392694064 0.4020512821 0.0273972603 0.0430769231
0 0.0353881279 0.5938461538 0.0296803653 0.0461538462
0 0.1107305936 0.6338461538 0.0433789954 0.0410256410
0 0.0456621005 0.6830769231 0.0251141553 0.0543589744
0 0.3105022831 0.6328205128 0.0456621005 0.0307692308
0 0.6894977169 0.7210256410 0.0228310502 0.0348717949
0 0.1278538813 0.2317948718 0.0456621005 0.0379487179
0 0.1917808219 0.2225641026 0.0399543379 0.0328205128
0 0.2945205479 0.2102564103 0.0376712329 0.0297435897
0 0.2191780822 0.3220512821 0.0353881279 0.0297435897
