0 0.6168067227 0.1374358974 0.1747899160 0.0574358974
0 0.5478991597 0.2338461538 0.1243697479 0.0676923077
0 0.7949579832 0.4041025641 0.1277310924 0.0553846154
0 0.7613445378 0.6297435897 0.1260504202 0.0830769231
0 0.1310924370 0.8789743590 0.1260504202 0.0964102564
0 0.7546218487 0.5364102564 0.0857142857 0.0533333333
0 0.6823529412 0.5292307692 0.0521008403 0.0451282051
0 0.6840336134 0.4953846154 0.0789915966 0.0358974359
0 0.6201680672 0.4810256410 0.0621848739 0.0502564103
0 0.7310924370 0.4512820513 0.0773109244 0.0471794872
0 0.9025210084 0.2492307692 0.0773109244 0.0512820513
0 0.6420168067 0.4143589744 0.0689075630 0.0471794872
0 0.5563025210 0.4328205128 0.0638655462 0.0389743590
0 0.5025210084 0.4625641026 0.0672268908 0.0482051282
0 0.4756302521 0.5548717949 0.0773109244 0.0553846154
0 0.4521008403 0.6061538462 0.0605042017 0.0543589744
0 0.3613445378 0.1641025641 0.0588235294 0.0317948718
0 0.5092436975 0.2820512821 0.0722689076 0.0430769231
