0 0.3199481865 0.4943589744 0.0712435233 0.0779487179
0 0.6347150259 0.4492307692 0.0764248705 0.0625641026
0 0.5777202073 0.4994871795 0.0608808290 0.0400000000
0 0.5012953368 0.6051282051 0.0854922280 0.0512820513
0 0.4119170984 0.6092307692 0.0621761658 0.0451282051
0 0.4637305699 0.8143589744 0.0764248705 0.0441025641
0 0.6373056995 0.7702564103 0.0777202073 0.0738461538
0 0.6968911917 0.7282051282 0.0803108808 0.0430769231
0 0.5971502591 0.6902564103 0.0893782383 0.0502564103
0 0.5116580311 0.7292307692 0.1010362694 0.0389743590
0 0.6761658031 0.6748717949 0.0647668394 0.0369230769
0 0.7370466321 0.6430769231 0.0816062176 0.0502564103
0 0.7888601036 0.6153846154 0.0790155440 0.0420512821
0 0.7810880829 0.5753846154 0.0608808290 0.0420512821
0 0.8626943005 0.5456410256 0.0738341969 0.0512820513
0 0.7733160622 0.5107692308 0.1049222798 0.0348717949
0 0.7409326425 0.4779487179 0.0712435233 0.0451282051
0 0.6606217617 0.4943589744 0.0699481865 0.0441025641
0 0.6541450777 0.5558974359 0.0582901554 0.0625641026
0 0.7111398964 0.5610256410 0.0595854922 0.0615384615
0 0.9650259067 0.2902564103 0.0686528497 0.0420512821
0 0.9637305699 0.2389743590 0.0453367876 0.0502564103
0 0.9015544041 0.2471794872 0.0790155440 0.0451282051
0 0.8976683938 0.2041025641 0.0790155440 0.0358974359
0 0.7849740933 0.1979487179 0.0608808290 0.0543589744
0 0.8613989637 0.1415384615 0.0660621762 0.0328205128
0 0.8808290155 0.1025641026 0.0803108808 0.0410256410
0 0.9650259067 0.1353846154 0.0699481865 0.0584615385
