0 0.4262008734 0.0625641026 0.0550218341 0.0738461538
0 0.9039301310 0.1405128205 0.0419213974 0.0635897436
0 0.9890829694 0.1507692308 0.0218340611 0.0635897436
0 0.1747064137 0.8933191941 0.0252935863 0.0288441145
0 0.1510388437 0.8884411453 0.0169828365 0.0271474019
0 0.1398373984 0.8646871686 0.0271002710 0.0218451750
0 0.1049683830 0.8670201485 0.0224028907 0.0203605514
0 0.0749774164 0.8905620361 0.0233062331 0.0277836691
0 0.0982836495 0.8990455992 0.0205962060 0.0254506893
0 0.1208672087 0.8992576882 0.0216802168 0.0271474019
0 0.0735320687 0.9334040297 0.0227642276 0.0197242842
