0 0.3405315615 0.5489186406 0.1057585825 0.1513903193
0 0.5182724252 0.4212152420 0.1146179402 0.1575695160
0 0.7181616833 0.3439752832 0.0492801772 0.0937178167
0 0.7724252492 0.2698249228 0.0382059801 0.0803295572
0 0.7929125138 0.1977342945 0.0514950166 0.0782698249
0 0.8493909192 0.3007209063 0.0553709856 0.1287332647
0 0.7923588040 0.7425334706 0.0564784053 0.0741503605
0 0.7109634551 0.7981462410 0.0437430786 0.1029866117
0 0.7862679956 0.8372811535 0.0598006645 0.1307929969
0 0.8377630122 0.8300720906 0.0459579181 0.1174047374
0 0.8471760797 0.4109165808 0.0741971207 0.0710607621
0 0.7547065338 0.4026776519 0.0548172757 0.1122554068
0 0.8023255814 0.3480947477 0.0365448505 0.0895983522
