0 0.5120892746 0.1517948718 0.0396776193 0.0379487179
0 0.4972101674 0.1958974359 0.0316181029 0.0420512821
0 0.5815251085 0.2092307692 0.0297582145 0.0410256410
0 0.5325480471 0.2687179487 0.0464972102 0.0625641026
0 0.6044637322 0.2471794872 0.0254184749 0.0502564103
0 0.6168629882 0.3158974359 0.0378177309 0.0441025641
0 0.6701797892 0.3692307692 0.0260384377 0.0410256410
0 0.7141971482 0.3815384615 0.0340979541 0.0533333333
0 0.7861128332 0.4235897436 0.0272783633 0.0574358974
0 0.4643521389 0.3497435897 0.0384376937 0.0543589744
0 0.4234345939 0.3271794872 0.0272783633 0.0502564103
0 0.4054556727 0.2287179487 0.0260384377 0.0461538462
0 0.4097954123 0.1538461538 0.0328580285 0.0451282051
0 0.4283942963 0.1138461538 0.0427774334 0.0461538462
0 0.3446993180 0.0451282051 0.0260384377 0.0389743590
0 0.3285802852 0.1282051282 0.0303781773 0.0635897436
0 0.2783632982 0.0871794872 0.0235585865 0.0471794872
0 0.2492250465 0.1241025641 0.0291382517 0.0389743590
0 0.3508989461 0.1938461538 0.0185988841 0.0441025641
0 0.3353998760 0.2871794872 0.0272783633 0.0400000000
0 0.5306881587 0.3425641026 0.0260384377 0.0471794872
0 0.5970241785 0.4379487179 0.0173589585 0.0379487179
0 0.5697458153 0.4543589744 0.0266584005 0.0420512821
0 0.7414755115 0.4933333333 0.0297582145 0.0553846154
0 0.8071915685 0.5641025641 0.0235585865 0.0461538462
0 0.8338499690 0.5476923077 0.0204587725 0.0420512821
0 0.8760074396 0.5856410256 0.0247985121 0.0728205128
0 0.8202107874 0.6482051282 0.0229386237 0.0379487179
0 0.8053316801 0.7333333333 0.0303781773 0.0471794872
0 0.8388096714 0.8800000000 0.0272783633 0.0717948718
0 0.9175449473 0.8358974359 0.0254184749 0.0441025641
0 0.9311841290 0.7189743590 0.0272783633 0.0451282051
0 0.7389956603 0.6676923077 0.0210787353 0.0451282051
0 0.7061376317 0.6707692308 0.0328580285 0.0502564103
0 0.7272163670 0.5917948718 0.0297582145 0.0502564103
0 0.6769993800 0.6194871795 0.0278983261 0.0594871795
0 0.6689398636 0.6871794872 0.0216986981 0.0410256410
0 0.6360818351 0.7333333333 0.0185988841 0.0317948718
0 0.6063236206 0.7569230769 0.0247985121 0.0379487179
0 0.5536267824 0.7743589744 0.0235585865 0.0502564103
0 0.5982641042 0.8041025641 0.0309981401 0.0502564103
0 0.6540607564 0.7928205128 0.0254184749 0.0389743590
0 0.7253564786 0.8010256410 0.0291382517 0.0328205128
0 0.4810911345 0.7723076923 0.0247985121 0.0369230769
0 0.4879107254 0.5948717949 0.0303781773 0.0543589744
0 0.5387476751 0.5097435897 0.0278983261 0.0338461538
0 0.4897706138 0.5158974359 0.0464972102 0.0789743590
0 0.4283942963 0.5025641026 0.0328580285 0.0512820513
0 0.2107873528 0.3189743590 0.0254184749 0.0328205128
0 0.1506509609 0.4235897436 0.0316181029 0.0666666667
0 0.0471171730 0.3169230769 0.0322380657 0.0451282051
0 0.2169869808 0.4051282051 0.0266584005 0.0646153846
0 0.2442653441 0.4184615385 0.0254184749 0.0369230769
0 0.1940483571 0.4728205128 0.0607563546 0.0666666667
0 0.2510849349 0.5302564103 0.0564166150 0.0871794872
0 0.2238065716 0.6143589744 0.0291382517 0.0779487179
0 0.2021078735 0.5446153846 0.0204587725 0.0400000000
0 0.1543707378 0.5405128205 0.0576565406 0.0523076923
0 0.3124612523 0.5815384615 0.0520768754 0.1015384615
0 0.3099814011 0.4307692308 0.0650960942 0.0841025641
0 0.2486050837 0.4512820513 0.0415375077 0.0430769231
0 0.3360198388 0.3394871795 0.0706757595 0.0728205128
0 0.4314941104 0.6379487179 0.0694358338 0.0758974359
