0 0.8163265306 0.6358974359 0.0300751880 0.0205128205
0 0.8485499463 0.6574358974 0.0247046187 0.0266666667
0 0.8915145005 0.7035897436 0.0279269603 0.0369230769
0 0.8496240602 0.7641025641 0.0290010741 0.0287179487
0 0.8829215897 0.7671794872 0.0322234157 0.0276923077
0 0.9022556391 0.8041025641 0.0418904404 0.0420512821
0 0.8270676692 0.7958974359 0.0268528464 0.0256410256
0 0.8238453276 0.7097435897 0.0193340494 0.0328205128
0 0.7722878625 0.7394871795 0.0332975295 0.0194871795
0 0.7142857143 0.7251282051 0.0408163265 0.0317948718
0 0.7142857143 0.7589743590 0.0225563910 0.0194871795
0 0.7432867884 0.7712820513 0.0290010741 0.0205128205
0 0.8259935553 0.8933333333 0.0290010741 0.0235897436
0 0.8915145005 0.8656410256 0.0268528464 0.0205128205
0 0.8012889366 0.5589743590 0.0236305048 0.0276923077
0 0.7303974221 0.5353846154 0.0461868958 0.0297435897
0 0.7303974221 0.4851282051 0.0257787325 0.0358974359
0 0.7593984962 0.4830769231 0.0290010741 0.0369230769
0 0.6992481203 0.4266666667 0.0322234157 0.0215384615
0 0.6562835661 0.4338461538 0.0397422127 0.0369230769
0 0.6487647691 0.3641025641 0.0343716434 0.0348717949
0 0.5950590763 0.3764102564 0.0247046187 0.0348717949
0 0.5563909774 0.3343589744 0.0311493018 0.0256410256
0 0.5166487648 0.3323076923 0.0268528464 0.0276923077
0 0.1804511278 0.2430769231 0.0483351235 0.0369230769
0 0.2448979592 0.3661538462 0.0515574651 0.0338461538
0 0.2792696026 0.4143589744 0.0644468314 0.0512820513
0 0.1783029001 0.3928205128 0.0311493018 0.0307692308
0 0.1740064447 0.4266666667 0.0354457573 0.0256410256
0 0.2255639098 0.4133333333 0.0300751880 0.0287179487
0 0.2448979592 0.4717948718 0.0397422127 0.0307692308
0 0.2910848550 0.4687179487 0.0461868958 0.0328205128
0 0.3512352309 0.4235897436 0.0537056928 0.0871794872
0 0.4575725027 0.4707692308 0.0644468314 0.0625641026
0 0.3512352309 0.5323076923 0.0440386681 0.0451282051
0 0.1578947368 0.4820512821 0.0612244898 0.0266666667
0 0.6283566058 0.5292307692 0.0375939850 0.0379487179
0 0.6047261010 0.5025641026 0.0247046187 0.0225641026
0 0.5692803437 0.6082051282 0.0708915145 0.0369230769
0 0.5392051557 0.5661538462 0.0665950591 0.0297435897
0 0.5166487648 0.4748717949 0.0397422127 0.0307692308
0 0.5273899033 0.4430769231 0.0236305048 0.0287179487
0 0.5939849624 0.4307692308 0.0322234157 0.0553846154
0 0.5520945220 0.3969230769 0.0214822771 0.0266666667
0 0.6315789474 0.6215384615 0.0236305048 0.0276923077
0 0.6799140709 0.6225641026 0.0375939850 0.0287179487
0 0.6197636950 0.7446153846 0.0290010741 0.0225641026
0 0.5392051557 0.7394871795 0.0268528464 0.0266666667
0 0.5746509130 0.7333333333 0.0247046187 0.0246153846
0 0.6756176155 0.7435897436 0.0247046187 0.0348717949
0 0.6691729323 0.8010256410 0.0268528464 0.0266666667
0 0.7819548872 0.8174358974 0.0590762621 0.0317948718
0 0.4414607948 0.6030769231 0.0408163265 0.0379487179
0 0.3963480129 0.5271794872 0.0408163265 0.0461538462
0 0.3415682062 0.4769230769 0.0494092374 0.0276923077
