0 0.5693848355 0.7241025641 0.0858369099 0.0656410256
0 0.6638054363 0.7364102564 0.0915593705 0.0564102564
0 0.6638054363 0.5015384615 0.1201716738 0.0492307692
0 0.7396280401 0.3743589744 0.0872675250 0.0851282051
0 0.9692417740 0.5251282051 0.0615164521 0.0502564103
0 0.6051502146 0.2851282051 0.0844062947 0.0430769231
0 0.6022889843 0.3312820513 0.0901287554 0.0564102564
0 0.4792560801 0.2451282051 0.0686695279 0.0789743590
0 0.4549356223 0.3476923077 0.0758226037 0.0635897436
0 0.3934191702 0.3764102564 0.0643776824 0.0697435897
0 0.3390557940 0.5948717949 0.0972818312 0.0533333333
0 0.3919885551 0.5487179487 0.0901287554 0.0625641026
0 0.1044349070 0.4523076923 0.0572246066 0.0646153846
0 0.1688125894 0.1517948718 0.0672389127 0.0512820513
0 0.2045779685 0.1097435897 0.0486409156 0.0533333333
0 0.2117310443 0.0317948718 0.0629470672 0.0492307692
