0 0.6975169300 0.1326693227 0.0270880361 0.0314741036
0 0.7313769752 0.1701195219 0.0185101580 0.0243027888
0 0.7449209932 0.1362549801 0.0338600451 0.0334661355
0 0.7539503386 0.1729083665 0.0230248307 0.0362549801
0 0.8153498871 0.2147410359 0.0306997743 0.0219123506
0 0.8379232506 0.2386454183 0.0234762980 0.0286852590
0 0.8103837472 0.2764940239 0.0288939052 0.0207171315
0 0.8410835214 0.3047808765 0.0325056433 0.0278884462
0 0.7372460497 0.2063745020 0.0329571106 0.0223107570
0 0.6884875847 0.2000000000 0.0234762980 0.0258964143
0 0.7160270880 0.2270916335 0.0203160271 0.0274900398
0 0.7467268623 0.2306772908 0.0306997743 0.0223107570
0 0.7720090293 0.2948207171 0.0383747178 0.0199203187
0 0.7575620767 0.3223107570 0.0225733634 0.0286852590
0 0.7164785553 0.3107569721 0.0207674944 0.0239043825
0 0.6930022573 0.3107569721 0.0212189616 0.0227091633
0 0.6663656885 0.2972111554 0.0198645598 0.0334661355
0 0.5810383747 0.2816733068 0.0370203160 0.0187250996
0 0.5661399549 0.2521912351 0.0207674944 0.0282868526
0 0.5485327314 0.2812749004 0.0216704289 0.0231075697
0 0.5200902935 0.2840637450 0.0234762980 0.0231075697
0 0.4997742664 0.3007968127 0.0248306998 0.0195219124
0 0.5679458239 0.3079681275 0.0252821670 0.0215139442
0 0.6072234763 0.3075697211 0.0284424379 0.0227091633
0 0.7837471783 0.3613545817 0.0297968397 0.0270916335
0 0.5887133183 0.3689243028 0.0203160271 0.0223107570
0 0.6203160271 0.3729083665 0.0198645598 0.0294820717
0 0.7223476298 0.3398406375 0.0279909707 0.0163346614
0 0.7173814898 0.4123505976 0.0257336343 0.0151394422
0 0.7395033860 0.4211155378 0.0176072235 0.0235059761
0 0.7544018059 0.4019920319 0.0270880361 0.0203187251
0 0.8257336343 0.4820717131 0.0352144470 0.0290836653
0 0.7069977427 0.4370517928 0.0306997743 0.0294820717
0 0.5489841986 0.4474103586 0.0158013544 0.0262948207
0 0.6370203160 0.4964143426 0.0374717833 0.0227091633
0 0.6726862302 0.4904382470 0.0356659142 0.0227091633
0 0.7417607223 0.4908366534 0.0334085779 0.0314741036
0 0.7146726862 0.4868525896 0.0180586907 0.0247011952
0 0.7616252822 0.5406374502 0.0243792325 0.0286852590
0 0.7354401806 0.5478087649 0.0270880361 0.0199203187
0 0.7855530474 0.5697211155 0.0275395034 0.0187250996
0 0.6623024831 0.5513944223 0.0216704289 0.0326693227
0 0.5878103837 0.5573705179 0.0316027088 0.0203187251
0 0.5516930023 0.5661354582 0.0230248307 0.0231075697
0 0.5097065463 0.5346613546 0.0401805869 0.0239043825
0 0.5372460497 0.5043824701 0.0189616253 0.0183266932
0 0.5340857788 0.6322709163 0.0325056433 0.0330677291
0 0.5566591422 0.6478087649 0.0185101580 0.0286852590
0 0.5774266366 0.6386454183 0.0225733634 0.0330677291
0 0.6325056433 0.6609561753 0.0266365688 0.0330677291
0 0.6234762980 0.6047808765 0.0248306998 0.0203187251
0 0.6668171558 0.6047808765 0.0257336343 0.0183266932
0 0.6668171558 0.5868525896 0.0239277652 0.0175298805
0 0.6988713318 0.5924302789 0.0270880361 0.0342629482
0 0.7268623025 0.5840637450 0.0316027088 0.0314741036
0 0.5187358916 0.5573705179 0.0261851016 0.0195219124
0 0.5512415350 0.7203187251 0.0257336343 0.0254980080
0 0.5002257336 0.6976095618 0.0252821670 0.0318725100
0 0.4889390519 0.7310756972 0.0379232506 0.0203187251
0 0.5047404063 0.7585657371 0.0257336343 0.0286852590
0 0.5404063205 0.7561752988 0.0230248307 0.0187250996
0 0.5205417607 0.8956175299 0.0234762980 0.0342629482
0 0.4415349887 0.8187250996 0.0325056433 0.0254980080
0 0.4424379233 0.7900398406 0.0216704289 0.0262948207
0 0.5679458239 0.8577689243 0.0279909707 0.0254980080
0 0.5923250564 0.8509960159 0.0261851016 0.0258964143
0 0.6550790068 0.7960159363 0.0288939052 0.0219123506
0 0.6496613995 0.6366533865 0.0189616253 0.0139442231
0 0.1787810384 0.3705179283 0.0239277652 0.0207171315
