0 0.3276923077 0.2676923077 0.0323076923 0.0543589744
0 0.5123076923 0.2164102564 0.0369230769 0.0635897436
0 0.5461538462 0.2164102564 0.0300000000 0.0625641026
0 0.5838461538 0.2369230769 0.0376923077 0.0492307692
0 0.5792307692 0.2871794872 0.0230769231 0.0656410256
0 0.6007692308 0.3158974359 0.0223076923 0.0502564103
0 0.6315384615 0.3117948718 0.0361538462 0.0410256410
0 0.5276923077 0.3333333333 0.0369230769 0.0635897436
0 0.6007692308 0.3692307692 0.0392307692 0.0430769231
0 0.6169230769 0.4194871795 0.0223076923 0.0615384615
0 0.6676923077 0.3835897436 0.0561538462 0.0348717949
0 0.6446153846 0.4194871795 0.0223076923 0.0717948718
0 0.6946153846 0.4461538462 0.0546153846 0.0369230769
0 0.9038461538 0.2194871795 0.0307692308 0.0564102564
0 0.5238461538 0.0317948718 0.0330769231 0.0441025641
0 0.2792307692 0.3271794872 0.0407692308 0.0553846154
0 0.3430769231 0.4707692308 0.0661538462 0.0625641026
0 0.4146153846 0.5015384615 0.0415384615 0.0410256410
0 0.4676923077 0.5158974359 0.0469230769 0.0451282051
0 0.2892307692 0.5364102564 0.0561538462 0.0389743590
0 0.1353846154 0.5158974359 0.0292307692 0.0266666667
0 0.0792307692 0.5446153846 0.0507692308 0.0328205128
0 0.0353846154 0.7169230769 0.0369230769 0.0512820513
0 0.0253846154 0.7815384615 0.0507692308 0.0666666667
0 0.2500000000 0.8502564103 0.0307692308 0.0594871795
0 0.2969230769 0.8553846154 0.0492307692 0.0523076923
0 0.3730769231 0.7128205128 0.0338461538 0.0615384615
0 0.4284615385 0.6348717949 0.0692307692 0.0471794872
0 0.4946153846 0.6861538462 0.0361538462 0.0461538462
0 0.5200000000 0.6369230769 0.0253846154 0.0379487179
0 0.5592307692 0.6902564103 0.0523076923 0.0625641026
0 0.6992307692 0.6307692308 0.0476923077 0.0338461538
0 0.6638461538 0.6953846154 0.0346153846 0.0564102564
0 0.6992307692 0.7035897436 0.0315384615 0.0482051282
0 0.7300000000 0.6697435897 0.0361538462 0.0410256410
0 0.5523076923 0.4071794872 0.0492307692 0.0410256410
0 0.5830769231 0.4358974359 0.0407692308 0.0594871795
0 0.5815384615 0.7907692308 0.0507692308 0.0687179487
0 0.5492307692 0.8379487179 0.0346153846 0.0615384615
0 0.4569230769 0.7138461538 0.0284615385 0.0543589744
0 0.6638461538 0.7569230769 0.0723076923 0.0625641026
0 0.6400000000 0.8287179487 0.0446153846 0.0625641026
0 0.5961538462 0.8564102564 0.0400000000 0.0594871795
0 0.5546153846 0.9138461538 0.0361538462 0.0420512821
0 0.8646153846 0.6635897436 0.0584615385 0.0389743590
0 0.8861538462 0.6953846154 0.0638461538 0.0492307692
0 0.9138461538 0.6400000000 0.0353846154 0.0502564103
0 0.8730769231 0.0953846154 0.0315384615 0.0902564103
0 0.2538461538 0.4102564103 0.0207692308 0.0379487179
