0 0.6288798920 0.3035897436 0.1309041835 0.0974358974
0 0.8542510121 0.2041025641 0.0809716599 0.0994871795
0 0.5357624831 0.0748717949 0.1794871795 0.1169230769
0 0.0755735493 0.0461538462 0.1511470985 0.0789743590
0 0.3144399460 0.6020512821 0.1052631579 0.0984615385
0 0.1686909582 0.6543589744 0.1430499325 0.0492307692
0 0.1646423752 0.7230769231 0.1605937922 0.0512820513
0 0.4777327935 0.6430769231 0.0890688259 0.0974358974
0 0.4224021592 0.7476923077 0.0850202429 0.0923076923
0 0.5735492578 0.7835897436 0.1363022942 0.0800000000
0 0.5937921727 0.8779487179 0.0931174089 0.1097435897
0 0.9271255061 0.7887179487 0.1417004049 0.0512820513
0 0.8002699055 0.5312820513 0.1093117409 0.1066666667
