0 0.1710037175 0.2164102564 0.0247831475 0.0441025641
0 0.1920693928 0.2676923077 0.0260223048 0.0502564103
0 0.1920693928 0.3692307692 0.0260223048 0.0410256410
0 0.1957868649 0.4287179487 0.0328376704 0.0389743590
0 0.3283767038 0.2092307692 0.0328376704 0.0523076923
0 0.3407682776 0.2738461538 0.0266418835 0.0461538462
0 0.3847583643 0.1958974359 0.0235439901 0.0543589744
0 0.4033457249 0.2635897436 0.0260223048 0.0410256410
0 0.4938042131 0.2728205128 0.0371747212 0.0441025641
0 0.5607187113 0.1312820513 0.0254027261 0.0523076923
0 0.5997521685 0.4687179487 0.0241635688 0.0543589744
0 0.6251548947 0.4533333333 0.0278810409 0.0502564103
0 0.6771995043 0.4287179487 0.0185873606 0.0482051282
0 0.7007434944 0.4369230769 0.0266418835 0.0379487179
0 0.7719950434 0.4328205128 0.0247831475 0.0594871795
0 0.6171003717 0.5435897436 0.0254027261 0.0471794872
0 0.5557620818 0.4974358974 0.0291201983 0.0441025641
0 0.3779429988 0.4933333333 0.0272614622 0.0523076923
0 0.6053283767 0.6943589744 0.0291201983 0.0430769231
0 0.7732342007 0.6974358974 0.0303593556 0.0430769231
0 0.8054522924 0.5938461538 0.0148698885 0.0574358974
0 0.4014869888 0.4451282051 0.0309789343 0.0328205128
0 0.3506815366 0.6810256410 0.0285006196 0.0420512821
