0 0.2009966777 0.0331491713 0.0121816168 0.0243093923
0 0.7895902547 0.0160220994 0.0166112957 0.0320441989
0 0.2248062016 0.0972375691 0.0160575858 0.0232044199
0 0.6976744186 0.0872928177 0.0132890365 0.0220994475
0 0.7231450720 0.0552486188 0.0143964563 0.0232044199
0 0.8604651163 0.0430939227 0.0132890365 0.0408839779
0 0.9097452935 0.0950276243 0.0143964563 0.0419889503
0 0.2763012182 0.1414364641 0.0138427464 0.0342541436
0 0.6533776301 0.1337016575 0.0166112957 0.0198895028
0 0.7375415282 0.1558011050 0.0155038760 0.0342541436
0 0.7303433001 0.1116022099 0.0138427464 0.0309392265
0 0.7076411960 0.1104972376 0.0121816168 0.0309392265
0 0.7918050941 0.1469613260 0.0227021041 0.0696132597
0 0.9490586932 0.1569060773 0.0166112957 0.0331491713
0 0.9634551495 0.1160220994 0.0110741971 0.0342541436
0 0.1638981174 0.1723756906 0.0177187154 0.0364640884
0 0.1218161683 0.1944751381 0.0127353267 0.0276243094
0 0.1389811739 0.2220994475 0.0132890365 0.0209944751
0 0.2059800664 0.1723756906 0.0138427464 0.0342541436
0 0.1771871539 0.2254143646 0.0160575858 0.0232044199
0 0.2098560354 0.2187845304 0.0193798450 0.0453038674
0 0.2768549280 0.2198895028 0.0204872647 0.0408839779
0 0.2347729790 0.1966850829 0.0105204873 0.0243093923
0 0.3078626800 0.1668508287 0.0276854928 0.0375690608
0 0.7569213732 0.2132596685 0.0132890365 0.0751381215
0 0.7286821705 0.2254143646 0.0132890365 0.0342541436
0 0.8626799557 0.2121546961 0.0121816168 0.0386740331
0 0.2037652270 0.2662983425 0.0204872647 0.0198895028
0 0.1943521595 0.2883977901 0.0143964563 0.0353591160
0 0.1733111849 0.2651933702 0.0149501661 0.0276243094
0 0.2707641196 0.2585635359 0.0143964563 0.0309392265
0 0.2513842746 0.2640883978 0.0160575858 0.0309392265
0 0.2978959025 0.2762430939 0.0210409745 0.0497237569
0 0.6782945736 0.2850828729 0.0199335548 0.0265193370
0 0.7181616833 0.2784530387 0.0193798450 0.0320441989
0 0.8194905869 0.2397790055 0.0177187154 0.0287292818
0 0.8449612403 0.2861878453 0.0149501661 0.0375690608
0 0.1411960133 0.3469613260 0.0166112957 0.0386740331
0 0.1101882614 0.3171270718 0.0177187154 0.0453038674
0 0.1212624585 0.3458563536 0.0105204873 0.0287292818
0 0.2574750831 0.3337016575 0.0121816168 0.0276243094
0 0.3244739756 0.3370165746 0.0099667774 0.0353591160
0 0.3538205980 0.3259668508 0.0155038760 0.0287292818
0 0.3754152824 0.3248618785 0.0155038760 0.0298342541
0 0.6461794020 0.3580110497 0.0110741971 0.0254143646
0 0.7104097453 0.3259668508 0.0155038760 0.0276243094
0 0.8050941307 0.3624309392 0.0177187154 0.0353591160
0 0.8405315615 0.3303867403 0.0182724252 0.0430939227
0 0.9928017719 0.3104972376 0.0138427464 0.0475138122
0 0.0404208195 0.3944751381 0.0282392027 0.0419889503
0 0.1550387597 0.3900552486 0.0155038760 0.0309392265
0 0.1207087486 0.4132596685 0.0221483942 0.0696132597
0 0.2962347730 0.4276243094 0.0249169435 0.0331491713
0 0.2425249169 0.3756906077 0.0149501661 0.0254143646
0 0.2757475083 0.3801104972 0.0127353267 0.0209944751
0 0.2674418605 0.4099447514 0.0138427464 0.0320441989
0 0.3410852713 0.3834254144 0.0121816168 0.0430939227
0 0.3194905869 0.4243093923 0.0160575858 0.0220994475
0 0.3062015504 0.3779005525 0.0132890365 0.0298342541
0 0.3715393134 0.4331491713 0.0199335548 0.0298342541
0 0.6063122924 0.4276243094 0.0249169435 0.0497237569
0 0.6517165006 0.3966850829 0.0121816168 0.0220994475
0 0.7137320044 0.3834254144 0.0143964563 0.0287292818
0 0.7004429679 0.4066298343 0.0138427464 0.0309392265
0 0.7386489480 0.3944751381 0.0143964563 0.0265193370
0 0.9307862680 0.4099447514 0.0171650055 0.0486187845
0 0.9114064230 0.3790055249 0.0143964563 0.0298342541
0 0.0764119601 0.4939226519 0.0155038760 0.0298342541
0 0.0991140642 0.4486187845 0.0132890365 0.0353591160
0 0.0376522702 0.4895027624 0.0182724252 0.0806629834
0 0.1821705426 0.4563535912 0.0149501661 0.0353591160
0 0.3610188261 0.4563535912 0.0193798450 0.0209944751
0 0.3521594684 0.4950276243 0.0265780731 0.0309392265
0 0.4191583610 0.4762430939 0.0143964563 0.0287292818
0 0.4861572536 0.4464088398 0.0188261351 0.0320441989
0 0.6616832780 0.4740331492 0.0315614618 0.0519337017
0 0.7203765227 0.4674033149 0.0166112957 0.0287292818
0 0.8361018826 0.4651933702 0.0193798450 0.0364640884
0 0.0664451827 0.5292817680 0.0177187154 0.0298342541
0 0.1495016611 0.5602209945 0.0138427464 0.0320441989
0 0.1478405316 0.5060773481 0.0260243632 0.0618784530
0 0.2198228128 0.5348066298 0.0204872647 0.0320441989
0 0.2325581395 0.5646408840 0.0188261351 0.0276243094
0 0.2818383167 0.5392265193 0.0188261351 0.0298342541
0 0.3532668882 0.5259668508 0.0210409745 0.0386740331
0 0.3205980066 0.5624309392 0.0177187154 0.0309392265
0 0.3111849391 0.5226519337 0.0143964563 0.0364640884
0 0.3383167220 0.5403314917 0.0160575858 0.0320441989
0 0.6218161683 0.5237569061 0.0149501661 0.0309392265
0 0.6816168328 0.5458563536 0.0160575858 0.0430939227
0 0.7004429679 0.5314917127 0.0132890365 0.0331491713
0 0.7441860465 0.5016574586 0.0138427464 0.0243093923
0 0.8189368771 0.5591160221 0.0138427464 0.0298342541
0 0.7829457364 0.5624309392 0.0160575858 0.0419889503
0 0.0359911406 0.6320441989 0.0210409745 0.0220994475
0 0.0980066445 0.6298342541 0.0282392027 0.0287292818
0 0.0658914729 0.5845303867 0.0315614618 0.0685082873
0 0.1456256921 0.5966850829 0.0204872647 0.0309392265
0 0.2663344408 0.5701657459 0.0160575858 0.0287292818
0 0.2724252492 0.6099447514 0.0188261351 0.0430939227
0 0.3111849391 0.5988950276 0.0193798450 0.0364640884
0 0.4102990033 0.5878453039 0.0177187154 0.0453038674
0 0.4473975637 0.6232044199 0.0166112957 0.0331491713
0 0.6943521595 0.5690607735 0.0138427464 0.0276243094
0 0.7214839424 0.6044198895 0.0182724252 0.0375690608
0 0.8842746401 0.6276243094 0.0149501661 0.0309392265
0 0.9811738649 0.5834254144 0.0166112957 0.0453038674
0 0.0182724252 0.6696132597 0.0127353267 0.0265193370
0 0.2248062016 0.6928176796 0.0215946844 0.0475138122
0 0.2541528239 0.6552486188 0.0160575858 0.0353591160
0 0.4141749723 0.6574585635 0.0177187154 0.0353591160
0 0.4584717608 0.6762430939 0.0155038760 0.0364640884
0 0.6129568106 0.6729281768 0.0110741971 0.0254143646
0 0.6794019934 0.6475138122 0.0166112957 0.0298342541
0 0.7059800664 0.6342541436 0.0155038760 0.0486187845
0 0.7740863787 0.6419889503 0.0143964563 0.0320441989
0 0.8145071982 0.6651933702 0.0160575858 0.0276243094
0 0.7912513843 0.6939226519 0.0199335548 0.0331491713
0 0.0935769657 0.7060773481 0.0166112957 0.0265193370
0 0.2674418605 0.7546961326 0.0116279070 0.0209944751
0 0.3383167220 0.7215469613 0.0271317829 0.0486187845
0 0.4169435216 0.7635359116 0.0238095238 0.0629834254
0 0.4767441860 0.7635359116 0.0160575858 0.0243093923
0 0.4761904762 0.7171270718 0.0171650055 0.0353591160
0 0.6096345515 0.7325966851 0.0127353267 0.0386740331
0 0.6339977852 0.7591160221 0.0149501661 0.0232044199
0 0.7740863787 0.7469613260 0.0143964563 0.0287292818
0 0.8067552602 0.7337016575 0.0127353267 0.0320441989
0 0.8853820598 0.7546961326 0.0143964563 0.0331491713
0 0.0182724252 0.8232044199 0.0260243632 0.0386740331
0 0.1445182724 0.7977900552 0.0166112957 0.0331491713
0 0.2375415282 0.7812154696 0.0210409745 0.0419889503
0 0.2596899225 0.8287292818 0.0149501661 0.0320441989
0 0.2774086379 0.7823204420 0.0177187154 0.0298342541
0 0.3122923588 0.8298342541 0.0193798450 0.0309392265
0 0.3510520487 0.8011049724 0.0188261351 0.0408839779
0 0.3300110742 0.7801104972 0.0171650055 0.0397790055
0 0.3803986711 0.7922651934 0.0215946844 0.0287292818
0 0.4795127353 0.8110497238 0.0215946844 0.0265193370
0 0.6467331118 0.8000000000 0.0171650055 0.0265193370
0 0.6987818383 0.7690607735 0.0155038760 0.0342541436
0 0.6688815061 0.8298342541 0.0149501661 0.0209944751
0 0.6805094131 0.7955801105 0.0121816168 0.0298342541
0 0.7358803987 0.8320441989 0.0171650055 0.0320441989
0 0.7048726467 0.8276243094 0.0127353267 0.0298342541
0 0.8178294574 0.7856353591 0.0155038760 0.0353591160
0 0.9230343300 0.7977900552 0.0155038760 0.0353591160
0 0.0786267996 0.8828729282 0.0149501661 0.0287292818
0 0.1799557032 0.8994475138 0.0227021041 0.0408839779
0 0.3062015504 0.8950276243 0.0171650055 0.0298342541
0 0.3305647841 0.8441988950 0.0166112957 0.0287292818
0 0.3416389812 0.8972375691 0.0166112957 0.0298342541
0 0.3820598007 0.8497237569 0.0498338870 0.0320441989
0 0.4446290144 0.8895027624 0.0160575858 0.0254143646
0 0.5442967885 0.8729281768 0.0138427464 0.0375690608
0 0.6118493909 0.8375690608 0.0271317829 0.0806629834
0 0.6699889258 0.8806629834 0.0143964563 0.0298342541
0 0.6500553710 0.8773480663 0.0182724252 0.0430939227
0 0.8128460687 0.8817679558 0.0166112957 0.0353591160
0 0.8477297896 0.8685082873 0.0204872647 0.0331491713
0 0.0542635659 0.9403314917 0.0193798450 0.0232044199
0 0.2331118494 0.9226519337 0.0121816168 0.0386740331
0 0.2602436323 0.9646408840 0.0160575858 0.0243093923
0 0.2491694352 0.9259668508 0.0138427464 0.0298342541
0 0.3593576966 0.9646408840 0.0193798450 0.0453038674
0 0.3067552602 0.9392265193 0.0116279070 0.0298342541
0 0.4800664452 0.9259668508 0.0232558140 0.0541436464
0 0.4557032115 0.9524861878 0.0299003322 0.0364640884
0 0.5127353267 0.9281767956 0.0348837209 0.0629834254
0 0.5359911406 0.9569060773 0.0116279070 0.0243093923
0 0.5780730897 0.9458563536 0.0365448505 0.0618784530
0 0.6334440753 0.9049723757 0.0155038760 0.0408839779
0 0.6362126246 0.9480662983 0.0099667774 0.0209944751
0 0.6727574751 0.9502762431 0.0143964563 0.0265193370
0 0.6589147287 0.9082872928 0.0138427464 0.0287292818
0 0.7414174972 0.9403314917 0.0204872647 0.0320441989
0 0.8632336656 0.9613259669 0.0149501661 0.0331491713
0 0.9905869324 0.9104972376 0.0155038760 0.0342541436
0 0.1860465116 0.9867403315 0.0149501661 0.0220994475
0 0.2353266888 0.9679558011 0.0160575858 0.0397790055
0 0.3067552602 0.9767955801 0.0171650055 0.0287292818
0 0.3316722038 0.9701657459 0.0160575858 0.0232044199
0 0.4163898117 0.9837016575 0.0199335548 0.0325966851
0 0.3765227021 0.9823204420 0.0121816168 0.0276243094
0 0.5548172757 0.9767955801 0.0116279070 0.0397790055
0 0.7624584718 0.9701657459 0.0171650055 0.0375690608
0 0.4972314507 0.6618784530 0.0160575858 0.0320441989
0 0.4756367663 0.6209944751 0.0110741971 0.0220994475
0 0.6555924695 0.6850828729 0.0166112957 0.0408839779
0 0.1987818383 0.9546961326 0.0105204873 0.0209944751
0 0.1323366556 0.1292817680 0.0127353267 0.0419889503
0 0.1866002215 0.1458563536 0.0105204873 0.0243093923
0 0.4435215947 0.7303867403 0.0116279070 0.0287292818
