0 0.2413984462 0.0130769231 0.0238623751 0.0261538462
0 0.3052164262 0.0246153846 0.0160932297 0.0297435897
0 0.4822419534 0.0225641026 0.0116537181 0.0276923077
0 0.4567147614 0.0297435897 0.0244173141 0.0379487179
0 0.5116537181 0.0210256410 0.0338512764 0.0420512821
0 0.5788013319 0.0317948718 0.0399556049 0.0492307692
0 0.6387347392 0.0317948718 0.0122086570 0.0276923077
0 0.6709211987 0.0307692308 0.0155382908 0.0266666667
0 0.7397336293 0.0256410256 0.0188679245 0.0215384615
0 0.2619311876 0.0471794872 0.0138734739 0.0287179487
0 0.2369589345 0.0523076923 0.0183129856 0.0246153846
0 0.3662597114 0.0441025641 0.0316315205 0.0605128205
0 0.3307436182 0.0553846154 0.0160932297 0.0256410256
0 0.3085460599 0.0635897436 0.0138734739 0.0246153846
0 0.4417314095 0.0861538462 0.0110987791 0.0266666667
0 0.5011098779 0.0861538462 0.0416204218 0.0389743590
0 0.5549389567 0.0574358974 0.0116537181 0.0266666667
0 0.6093229745 0.0789743590 0.0160932297 0.0338461538
0 0.6459489456 0.0779487179 0.0127635960 0.0358974359
0 0.7624861265 0.0523076923 0.0166481687 0.0348717949
0 0.8634850166 0.0482051282 0.0221975583 0.0317948718
0 0.1953385128 0.1405128205 0.0155382908 0.0307692308
0 0.2375138735 0.1497435897 0.0127635960 0.0266666667
0 0.2869034406 0.1528205128 0.0172031077 0.0379487179
0 0.3423973363 0.1425641026 0.0144284129 0.0328205128
0 0.3695893452 0.1087179487 0.0299667037 0.0533333333
0 0.4195338513 0.1435897436 0.0183129856 0.0451282051
0 0.3834628191 0.1651282051 0.0205327414 0.0276923077
0 0.4744728080 0.1169230769 0.0149833518 0.0369230769
0 0.4966703663 0.1323076923 0.0172031077 0.0482051282
0 0.4567147614 0.1066666667 0.0149833518 0.0307692308
0 0.5138734739 0.1353846154 0.0149833518 0.0287179487
0 0.5299667037 0.1456410256 0.0149833518 0.0246153846
0 0.6065482797 0.1333333333 0.0199778024 0.0297435897
0 0.7286348502 0.1066666667 0.0283018868 0.0451282051
0 0.7852386238 0.1425641026 0.0160932297 0.0297435897
0 0.1248612653 0.1938461538 0.0155382908 0.0235897436
0 0.2180910100 0.1712820513 0.0160932297 0.0379487179
0 0.1953385128 0.1835897436 0.0144284129 0.0338461538
0 0.2513873474 0.1876923077 0.0443951165 0.0348717949
0 0.3485016648 0.1938461538 0.0133185350 0.0358974359
0 0.3740288568 0.2061538462 0.0172031077 0.0215384615
0 0.4067702553 0.2235897436 0.0199778024 0.0205128205
0 0.4678135405 0.1764102564 0.0283018868 0.0471794872
0 0.4550499445 0.2123076923 0.0260821310 0.0379487179
0 0.5244173141 0.2010256410 0.0183129856 0.0287179487
0 0.9450610433 0.1794871795 0.0177580466 0.0328205128
0 0.0210876804 0.2625641026 0.0166481687 0.0246153846
0 0.1598224195 0.2564102564 0.0149833518 0.0297435897
0 0.2208657048 0.2502564103 0.0138734739 0.0194871795
0 0.2746947836 0.2471794872 0.0138734739 0.0266666667
0 0.2924528302 0.2492307692 0.0177580466 0.0276923077
0 0.3307436182 0.2994871795 0.0160932297 0.0400000000
0 0.3163152053 0.2471794872 0.0155382908 0.0307692308
0 0.3773584906 0.2871794872 0.0205327414 0.0410256410
0 0.4034406215 0.2543589744 0.0205327414 0.0338461538
0 0.4522752497 0.2851282051 0.0205327414 0.0317948718
0 0.4766925638 0.2923076923 0.0255271920 0.0543589744
0 0.5210876804 0.2553846154 0.0133185350 0.0174358974
0 0.5482796892 0.2389743590 0.0205327414 0.0317948718
0 0.5604883463 0.2728205128 0.0177580466 0.0307692308
0 0.5810210877 0.2574358974 0.0194228635 0.0594871795
0 0.6348501665 0.2338461538 0.0183129856 0.0523076923
0 0.7530521643 0.2748717949 0.0099889012 0.0317948718
0 0.8024417314 0.2451282051 0.0122086570 0.0246153846
0 0.7713651498 0.2605128205 0.0166481687 0.0317948718
0 0.8817980022 0.2564102564 0.0149833518 0.0307692308
0 0.0782463929 0.3056410256 0.0205327414 0.0328205128
0 0.0904550499 0.3610256410 0.0172031077 0.0297435897
0 0.0394006659 0.3333333333 0.0244173141 0.0276923077
0 0.2086570477 0.3169230769 0.0177580466 0.0235897436
0 0.4206437292 0.3179487179 0.0321864595 0.0635897436
0 0.4950055494 0.3661538462 0.0166481687 0.0297435897
0 0.4500554939 0.3374358974 0.0277469478 0.0553846154
0 0.5416204218 0.3302564103 0.0244173141 0.0615384615
0 0.5094339623 0.3210256410 0.0160932297 0.0400000000
0 0.6065482797 0.3015384615 0.0188679245 0.0287179487
0 0.7591564928 0.3251282051 0.0188679245 0.0317948718
0 0.7352941176 0.3435897436 0.0133185350 0.0307692308
0 0.8312985572 0.3610256410 0.0160932297 0.0451282051
0 0.8096559378 0.3405128205 0.0144284129 0.0287179487
0 0.8690344062 0.3076923077 0.0160932297 0.0379487179
0 0.9633740289 0.3446153846 0.0305216426 0.0358974359
0 0.9112097669 0.3446153846 0.0188679245 0.0358974359
0 0.0305216426 0.3948717949 0.0155382908 0.0358974359
0 0.3523862375 0.3887179487 0.0133185350 0.0256410256
0 0.3185349612 0.4000000000 0.0221975583 0.0389743590
0 0.4256381798 0.3846153846 0.0094339623 0.0317948718
0 0.4062153163 0.4153846154 0.0116537181 0.0287179487
0 0.4467258602 0.3907692308 0.0221975583 0.0512820513
0 0.4655937847 0.4020512821 0.0133185350 0.0482051282
0 0.5466148724 0.3866666667 0.0149833518 0.0297435897
0 0.5183129856 0.4112820513 0.0166481687 0.0358974359
0 0.6465038846 0.3938461538 0.0172031077 0.0338461538
0 0.7530521643 0.3794871795 0.0249722531 0.0492307692
0 0.7780244173 0.4102564103 0.0105438402 0.0276923077
0 0.8485016648 0.4256410256 0.0110987791 0.0205128205
0 0.8856825749 0.4102564103 0.0233074362 0.0430769231
0 0.9428412875 0.3753846154 0.0210876804 0.0420512821
0 0.0721420644 0.4933333333 0.0210876804 0.0184615385
0 0.0488346282 0.4964102564 0.0199778024 0.0543589744
0 0.1409544950 0.4533333333 0.0122086570 0.0225641026
0 0.1365149834 0.4912820513 0.0166481687 0.0215384615
0 0.2830188679 0.4912820513 0.0116537181 0.0235897436
0 0.3590455050 0.4441025641 0.0149833518 0.0297435897
0 0.3140954495 0.4656410256 0.0255271920 0.0389743590
0 0.3340732519 0.4358974359 0.0127635960 0.0358974359
0 0.4189789123 0.4543589744 0.0110987791 0.0358974359
0 0.4922308546 0.4543589744 0.0149833518 0.0348717949
0 0.4589345172 0.4502564103 0.0133185350 0.0287179487
0 0.5144284129 0.4676923077 0.0155382908 0.0369230769
0 0.5493895671 0.4697435897 0.0122086570 0.0328205128
0 0.6287458380 0.4697435897 0.0160932297 0.0246153846
0 0.0238623751 0.5497435897 0.0155382908 0.0215384615
0 0.0943396226 0.5169230769 0.0127635960 0.0123076923
0 0.0815760266 0.5446153846 0.0105438402 0.0276923077
0 0.0438401776 0.5528205128 0.0160932297 0.0256410256
0 0.0643729190 0.5456410256 0.0194228635 0.0369230769
0 0.1481687014 0.5364102564 0.0210876804 0.0502564103
0 0.1770255272 0.5066666667 0.0221975583 0.0379487179
0 0.2380688124 0.5241025641 0.0155382908 0.0194871795
0 0.3473917869 0.5261538462 0.0244173141 0.0523076923
0 0.3190899001 0.5148717949 0.0149833518 0.0215384615
0 0.4911209767 0.5333333333 0.0305216426 0.0317948718
0 0.5216426193 0.5169230769 0.0166481687 0.0400000000
0 0.6209766926 0.5302564103 0.0133185350 0.0389743590
0 0.6859045505 0.5364102564 0.0144284129 0.0215384615
0 0.7419533851 0.5107692308 0.0332963374 0.0471794872
0 0.0349611543 0.6020512821 0.0205327414 0.0471794872
0 0.0726970033 0.6082051282 0.0149833518 0.0287179487
0 0.1598224195 0.5876923077 0.0166481687 0.0297435897
0 0.2253052164 0.6287179487 0.0138734739 0.0276923077
0 0.2486126526 0.5948717949 0.0199778024 0.0287179487
0 0.2946725860 0.5794871795 0.0205327414 0.0533333333
0 0.2996670366 0.6266666667 0.0155382908 0.0307692308
0 0.3573806881 0.6153846154 0.0122086570 0.0266666667
0 0.3834628191 0.6194871795 0.0216426193 0.0461538462
0 0.4783573807 0.5876923077 0.0310765816 0.0420512821
0 0.5671476138 0.6092307692 0.0210876804 0.0553846154
0 0.5943396226 0.6153846154 0.0194228635 0.0328205128
0 0.7475027747 0.5948717949 0.0227524972 0.0492307692
0 0.7092119867 0.5948717949 0.0099889012 0.0276923077
0 0.7225305216 0.5723076923 0.0110987791 0.0276923077
0 0.0360710322 0.6615384615 0.0216426193 0.0348717949
0 0.1370699223 0.6758974359 0.0105438402 0.0400000000
0 0.2014428413 0.6841025641 0.0122086570 0.0358974359
0 0.2746947836 0.6861538462 0.0149833518 0.0297435897
0 0.3268590455 0.6410256410 0.0244173141 0.0420512821
0 0.3385127636 0.6851282051 0.0327413984 0.0553846154
0 0.3923418424 0.6635897436 0.0188679245 0.0358974359
0 0.5349611543 0.6379487179 0.0172031077 0.0307692308
0 0.5316315205 0.6717948718 0.0199778024 0.0256410256
0 0.5083240844 0.6605128205 0.0188679245 0.0656410256
0 0.6237513873 0.6779487179 0.0194228635 0.0400000000
0 0.2314095450 0.7169230769 0.0260821310 0.0328205128
0 0.2957824639 0.7179487179 0.0127635960 0.0235897436
0 0.3468368479 0.7200000000 0.0127635960 0.0369230769
0 0.3557158713 0.7579487179 0.0177580466 0.0358974359
0 0.3901220866 0.7138461538 0.0188679245 0.0297435897
0 0.4611542730 0.7251282051 0.0194228635 0.0564102564
0 0.4367369589 0.7333333333 0.0183129856 0.0246153846
0 0.0233074362 0.7774358974 0.0138734739 0.0276923077
0 0.0937846837 0.7794871795 0.0133185350 0.0317948718
0 0.1159822420 0.8143589744 0.0210876804 0.0297435897
0 0.1936736959 0.8061538462 0.0210876804 0.0235897436
0 0.1775804661 0.7702564103 0.0221975583 0.0287179487
0 0.2330743618 0.8133333333 0.0233074362 0.0512820513
0 0.2985571587 0.8071794872 0.0249722531 0.0410256410
0 0.4422863485 0.7835897436 0.0177580466 0.0338461538
0 0.2230854606 0.8564102564 0.0221975583 0.0369230769
0 0.2691453940 0.8800000000 0.0216426193 0.0297435897
0 0.2475027747 0.8482051282 0.0199778024 0.0410256410
0 0.3218645949 0.8420512821 0.0310765816 0.0287179487
0 0.3174250832 0.8871794872 0.0305216426 0.0358974359
0 0.3934517203 0.8646153846 0.0316315205 0.0400000000
0 0.2280799112 0.9117948718 0.0249722531 0.0276923077
0 0.2513873474 0.9558974359 0.0271920089 0.0328205128
0 0.4006659267 0.4892307692 0.0155382908 0.0317948718
0 0.3879023307 0.4512820513 0.0099889012 0.0246153846
0 0.4150943396 0.0615384615 0.0188679245 0.0338461538
0 0.1859045505 0.0676923077 0.0149833518 0.0225641026
0 0.1703662597 0.2164102564 0.0144284129 0.0215384615
0 0.2208657048 0.2841025641 0.0122086570 0.0215384615
0 0.2369589345 0.3056410256 0.0110987791 0.0205128205
0 0.0858000000 0.9578558226 0.0182000000 0.0336414048
0 0.1110000000 0.9567467652 0.0170000000 0.0303142329
0 0.1560000000 0.9338262477 0.0190000000 0.0236598891
0 0.1376000000 0.9101663586 0.0164000000 0.0243992606
0 0.1352000000 0.9378927911 0.0172000000 0.0280961183
0 0.1250000000 0.9652495379 0.0096000000 0.0280961183
0 0.1522000000 0.9600739372 0.0118000000 0.0218114603
0 0.1772000000 0.9852125693 0.0158000000 0.0158964880
0 0.2116000000 0.9645101664 0.0260000000 0.0236598891
0 0.2228000000 0.9382624769 0.0142000000 0.0207024030
0 0.2092000000 0.9338262477 0.0144000000 0.0247689464
0 0.1020000000 0.5471349353 0.0234000000 0.0240295749
0 0.1094000000 0.5667282810 0.0168000000 0.0221811460
0 0.0950000000 0.5722735675 0.0144000000 0.0214417745
0 0.0074000000 0.5116451017 0.0138000000 0.0243992606
0 0.0332000000 0.4547134935 0.0100000000 0.0181146026
0 0.1608000000 0.4218114603 0.0136000000 0.0262476895
0 0.2012000000 0.4654343808 0.0228000000 0.0380776340
0 0.2036000000 0.4968576710 0.0098000000 0.0380776340
0 0.1784000000 0.4621072089 0.0188000000 0.0273567468
0 0.1878000000 0.4410351201 0.0092000000 0.0136783734
0 0.2306000000 0.3804066543 0.0216000000 0.0240295749
0 0.2456000000 0.4147874307 0.0106000000 0.0184842884
0 0.2164000000 0.4140480591 0.0184000000 0.0480591497
0 0.1980000000 0.4247689464 0.0116000000 0.0173752311
0 0.1830000000 0.3914972274 0.0178000000 0.0269870610
0 0.5756000000 0.5164510166 0.0262000000 0.0521256932
0 0.5660000000 0.4824399261 0.0106000000 0.0225508318
0 0.7182000000 0.6343807763 0.0468000000 0.0432532348
0 0.6048000000 0.2495378928 0.0184000000 0.0303142329
0 0.6146000000 0.2110905730 0.0132000000 0.0358595194
0 0.5960000000 0.2162661738 0.0190000000 0.0306839187
0 0.5948000000 0.1733826248 0.0098000000 0.0225508318
0 0.5816000000 0.1641404806 0.0100000000 0.0218114603
0 0.5796000000 0.1079482440 0.0250000000 0.0621072089
0 0.0598000000 0.8669131238 0.0144000000 0.0273567468
0 0.9620000000 0.2569316081 0.0140000000 0.0295748614
