0 0.6631578947 0.5297741273 0.1592105263 0.0831622177
0 0.5223684211 0.4702258727 0.1105263158 0.1078028747
0 0.3921052632 0.4969199179 0.1407894737 0.1026694045
0 0.3407894737 0.3809034908 0.1092105263 0.0924024641
0 0.5144736842 0.2104722793 0.1657894737 0.0759753593
0 0.7710526316 0.0862422998 0.1026315789 0.1314168378
0 0.1894736842 0.4804928131 0.1355263158 0.0698151951
0 0.1894736842 0.5616016427 0.1131578947 0.0780287474
0 0.2921052632 0.7453798768 0.0881578947 0.0841889117
0 0.3657894737 0.7895277207 0.0815789474 0.1232032854
0 0.6868421053 0.8593429158 0.1039473684 0.0985626283
0 0.8776315789 0.8511293634 0.1039473684 0.0882956879
0 0.8592105263 0.9291581109 0.1381578947 0.0739219713
0 0.8144736842 0.9702258727 0.0828947368 0.0585215606
0 0.1881578947 0.8254620123 0.1105263158 0.0954825462
0 0.1986842105 0.7268993840 0.1013157895 0.0924024641
0 0.0657894737 0.7823408624 0.1263157895 0.0605749487
