0 0.6445765230 0.3572429907 0.0193164933 0.0172897196
0 0.6062407132 0.3602803738 0.0213967311 0.0128504673
0 0.5759286776 0.3046728972 0.0172362556 0.0147196262
0 0.5646359584 0.2885514019 0.0208023774 0.0135514019
0 0.6540861813 0.3079439252 0.0193164933 0.0151869159
0 0.7060921248 0.3156542056 0.0151560178 0.0135514019
0 0.7196870926 0.3856410256 0.0234680574 0.0174358974
0 0.4706649283 0.3630769231 0.0260756193 0.0205128205
0 0.4432855280 0.3630769231 0.0221642764 0.0205128205
0 0.4132985658 0.2974358974 0.0260756193 0.0215384615
0 0.4915254237 0.2902564103 0.0234680574 0.0174358974
0 0.5710560626 0.3241025641 0.0247718383 0.0143589744
0 0.4941329857 0.4143589744 0.0234680574 0.0174358974
0 0.4680573664 0.4194871795 0.0208604954 0.0194871795
0 0.5345501956 0.4338461538 0.0195567145 0.0235897436
0 0.5032594524 0.4471794872 0.0299869622 0.0225641026
0 0.5475880052 0.4625641026 0.0273794003 0.0174358974
0 0.6101694915 0.4379487179 0.0299869622 0.0205128205
0 0.6127770535 0.4584615385 0.0260756193 0.0194871795
0 0.7431551499 0.4912820513 0.0156453716 0.0266666667
0 0.7627118644 0.4964102564 0.0234680574 0.0194871795
0 0.8239895698 0.4625641026 0.0247718383 0.0194871795
0 0.9035202086 0.4758974359 0.0247718383 0.0297435897
0 0.9400260756 0.5302564103 0.0273794003 0.0194871795
0 0.2646675359 0.4307692308 0.0312907432 0.0307692308
0 0.3050847458 0.4256410256 0.0312907432 0.0215384615
0 0.3585397653 0.4307692308 0.0247718383 0.0205128205
0 0.3155149935 0.5251282051 0.0260756193 0.0174358974
0 0.2829204694 0.4758974359 0.0299869622 0.0153846154
0 0.2138200782 0.5292307692 0.0299869622 0.0266666667
0 0.1668839635 0.5076923077 0.0312907432 0.0164102564
0 0.1734028683 0.4625641026 0.0208604954 0.0153846154
0 0.3767926988 0.5476923077 0.0299869622 0.0235897436
0 0.4250325945 0.5323076923 0.0273794003 0.0225641026
0 0.4902216428 0.6307692308 0.0195567145 0.0205128205
0 0.5215123859 0.6194871795 0.0247718383 0.0235897436
0 0.6140808344 0.6205128205 0.0221642764 0.0225641026
0 0.7027379400 0.5456410256 0.0273794003 0.0235897436
0 0.7496740548 0.5856410256 0.0286831812 0.0420512821
0 0.8344198175 0.6000000000 0.0247718383 0.0215384615
0 0.6805736636 0.6943589744 0.0260756193 0.0205128205
0 0.6597131682 0.6738461538 0.0208604954 0.0143589744
0 0.6023468057 0.7835897436 0.0260756193 0.0215384615
0 0.5280312907 0.7866666667 0.0273794003 0.0266666667
0 0.5241199478 0.7435897436 0.0286831812 0.0194871795
0 0.4837027379 0.7333333333 0.0273794003 0.0317948718
0 0.5684485007 0.8143589744 0.0469361147 0.0225641026
0 0.5019556714 0.8174358974 0.0234680574 0.0164102564
0 0.5280312907 0.8420512821 0.0273794003 0.0215384615
0 0.3911342894 0.8830769231 0.0312907432 0.0358974359
0 0.4406779661 0.9261538462 0.0456323338 0.0276923077
0 0.4485006519 0.9630769231 0.0312907432 0.0225641026
0 0.4185136897 0.9815384615 0.0208604954 0.0205128205
0 0.2737940026 0.9600000000 0.0378096480 0.0194871795
0 0.2607561930 0.9343589744 0.0247718383 0.0205128205
0 0.1942633638 0.9764102564 0.0482398957 0.0420512821
0 0.2633637549 0.7948717949 0.0547588005 0.0379487179
0 0.3350717080 0.7097435897 0.0482398957 0.0441025641
0 0.3872229465 0.6953846154 0.0325945241 0.0441025641
0 0.8409387223 0.9005128205 0.0221642764 0.0256410256
0 0.8148631030 0.9169230769 0.0378096480 0.0215384615
0 0.7561929596 0.9702564103 0.0547588005 0.0297435897
0 0.7327249022 0.9302564103 0.0234680574 0.0194871795
0 0.7535853977 0.8933333333 0.0286831812 0.0205128205
0 0.8865710561 0.9230769231 0.0247718383 0.0225641026
0 0.8500651890 0.7764102564 0.0247718383 0.0153846154
0 0.8422425033 0.7558974359 0.0338983051 0.0184615385
0 0.7327249022 0.7723076923 0.0260756193 0.0256410256
0 0.9426336375 0.7897435897 0.0260756193 0.0215384615
0 0.9895697523 0.7794871795 0.0208604954 0.0205128205
0 0.1003911343 0.8523076923 0.0286831812 0.0276923077
0 0.0821382008 0.8892307692 0.0195567145 0.0256410256
0 0.1629726206 0.9128205128 0.0286831812 0.0205128205
0 0.1395045632 0.8358974359 0.0195567145 0.0194871795
0 0.2086049544 0.8092307692 0.0299869622 0.0184615385
0 0.2086049544 0.7558974359 0.0273794003 0.0205128205
0 0.2229465450 0.7046153846 0.0247718383 0.0225641026
0 0.2581486310 0.7384615385 0.0247718383 0.0225641026
0 0.0730117340 0.7507692308 0.0391134289 0.0297435897
0 0.0534550196 0.6287179487 0.0378096480 0.0235897436
0 0.1408083442 0.6635897436 0.0312907432 0.0256410256
0 0.1760104302 0.6194871795 0.0247718383 0.0287179487
0 0.1277705346 0.5620512821 0.0312907432 0.0287179487
0 0.3611473272 0.6317948718 0.0247718383 0.0246153846
0 0.1863298663 0.2126168224 0.0303120357 0.0170560748
0 0.1610698366 0.1913551402 0.0315007429 0.0163551402
0 0.2386329866 0.2677570093 0.0258543834 0.0165887850
0 0.2071322437 0.3355140187 0.0213967311 0.0133177570
0 0.1254086181 0.3011682243 0.0196136701 0.0126168224
0 0.0965824666 0.2728971963 0.0264487370 0.0189252336
0 0.1274888559 0.2341121495 0.0270430906 0.0130841121
0 0.3726597325 0.1661214953 0.0228826152 0.0163551402
0 0.4413075780 0.1768691589 0.0240713224 0.0142523364
0 0.4668647845 0.1901869159 0.0178306092 0.0175233645
0 0.5141158990 0.1649532710 0.0243684993 0.0158878505
0 0.9185735513 0.3383177570 0.0133729569 0.0177570093
0 0.7916790490 0.2539719626 0.0160475483 0.0189252336
0 0.7429420505 0.2345794393 0.0148588410 0.0184579439
0 0.7188707281 0.2268691589 0.0178306092 0.0154205607
0 0.7622585438 0.1955607477 0.0160475483 0.0177570093
0 0.7738484398 0.1623831776 0.0175334324 0.0161214953
0 0.7759286776 0.0691588785 0.0213967311 0.0151869159
0 0.8053491828 0.0693925234 0.0190193165 0.0228971963
0 0.7123328380 0.1303738318 0.0228826152 0.0203271028
0 0.5988112927 0.0455607477 0.0205052006 0.0179906542
0 0.4817236256 0.0474299065 0.0231797920 0.0207943925
0 0.1126300149 0.0656542056 0.0208023774 0.0207943925
0 0.1557206538 0.0511682243 0.0323922734 0.0200934579
0 0.2020802377 0.0485981308 0.0264487370 0.0179906542
0 0.4225854383 0.0640186916 0.0148588410 0.0189252336
0 0.4157503715 0.0357476636 0.0202080238 0.0161214953
0 0.2445765230 0.0768691589 0.0190193165 0.0179906542
0 0.2172362556 0.0172897196 0.0219910847 0.0165887850
0 0.0175334324 0.0303738318 0.0276374443 0.0147196262
