0 0.4932069510 0.9140845070 0.0281200632 0.0253521127
0 0.3905213270 0.9755868545 0.0252764613 0.0150234742
0 0.3424960506 0.8584507042 0.0240126382 0.0204225352
0 0.5083728278 0.8051643192 0.0233807267 0.0145539906
0 0.5475513428 0.9072769953 0.0227488152 0.0237089202
0 0.6069510269 0.9171361502 0.0230647709 0.0239436620
0 0.6334913112 0.9586854460 0.0214849921 0.0227699531
0 0.6988941548 0.9509389671 0.0208530806 0.0140845070
0 0.8012638231 0.9739436620 0.0334913112 0.0192488263
0 0.8556082148 0.9535211268 0.0148499210 0.0154929577
0 0.2676145340 0.9197183099 0.0296998420 0.0241784038
0 0.3030015798 0.8727699531 0.0274881517 0.0230046948
0 0.2312796209 0.8136150235 0.0246445498 0.0183098592
0 0.1655608215 0.8112676056 0.0240126382 0.0169014085
0 0.3017377567 0.9615023474 0.0268562401 0.0220657277
0 0.3848341232 0.7572769953 0.0338072670 0.0305164319
0 0.4540284360 0.7039906103 0.0271721959 0.0237089202
0 0.5206951027 0.7197183099 0.0271721959 0.0204225352
0 0.5210110585 0.7678403756 0.0218009479 0.0192488263
0 0.7437598736 0.6462441315 0.0233807267 0.0190140845
0 0.7845181675 0.6251173709 0.0236966825 0.0185446009
0 0.7153238547 0.6004694836 0.0265402844 0.0157276995
0 0.7036334913 0.5802816901 0.0252764613 0.0183098592
0 0.5254344392 0.5828638498 0.0221169036 0.0169014085
0 0.4853080569 0.5748826291 0.0274881517 0.0190140845
0 0.8448657188 0.5875586854 0.0214849921 0.0164319249
0 0.8723538705 0.5845070423 0.0221169036 0.0140845070
0 0.9336492891 0.6286384977 0.0208530806 0.0161971831
0 0.9004739336 0.7302816901 0.0259083728 0.0143192488
0 0.1273301738 0.5075117371 0.0366508689 0.0265258216
0 0.1785150079 0.7053990610 0.0401263823 0.0234741784
0 0.0973143760 0.6889671362 0.0274881517 0.0345070423
0 0.0312796209 0.6807511737 0.0236966825 0.0150234742
0 0.5860979463 0.5014084507 0.0218009479 0.0302816901
0 0.6442338073 0.4626760563 0.0445497630 0.0293427230
0 0.6853080569 0.4985915493 0.0246445498 0.0131455399
0 0.6628751975 0.5150234742 0.0236966825 0.0166666667
0 0.6568720379 0.5518779343 0.0265402844 0.0223004695
0 0.7529225908 0.5403755869 0.0571879937 0.0368544601
0 0.8445497630 0.5537558685 0.0303317536 0.0173708920
0 0.7266982622 0.4779342723 0.0183254344 0.0218309859
0 0.6742496051 0.4305164319 0.0319115324 0.0338028169
0 0.5819905213 0.3758215962 0.0259083728 0.0183098592
0 0.6069510269 0.3995305164 0.0259083728 0.0215962441
0 0.6388625592 0.3708920188 0.0287519747 0.0244131455
0 0.6717219589 0.3469483568 0.0230647709 0.0190140845
0 0.7345971564 0.3903755869 0.0233807267 0.0197183099
0 0.8189573460 0.3880281690 0.0278041074 0.0115023474
0 0.8821484992 0.3903755869 0.0236966825 0.0201877934
0 0.7813586098 0.3443661972 0.0192733017 0.0185446009
0 0.5241706161 0.4072769953 0.0350710900 0.0258215962
0 0.4631911532 0.4380281690 0.0252764613 0.0201877934
0 0.3807266983 0.3873239437 0.0334913112 0.0173708920
0 0.4767772512 0.2772300469 0.0429699842 0.0276995305
0 0.5058451817 0.3070422535 0.0221169036 0.0122065728
0 0.9248025276 0.4441314554 0.0287519747 0.0213615023
0 0.8960505529 0.4164319249 0.0278041074 0.0157276995
0 0.4581358610 0.1971830986 0.0325434439 0.0382629108
0 0.4306477093 0.2164319249 0.0315955766 0.0286384977
0 0.6597156398 0.2035211268 0.0315955766 0.0230046948
0 0.6957345972 0.1713615023 0.0278041074 0.0176056338
0 0.7279620853 0.1833333333 0.0236966825 0.0194835681
0 0.6597156398 0.0617370892 0.0211690363 0.0199530516
0 0.5374407583 0.0117370892 0.0338072670 0.0190140845
0 0.4543443918 0.0436619718 0.0249605055 0.0140845070
0 0.7443917852 0.0920187793 0.0306477093 0.0185446009
0 0.8003159558 0.0868544601 0.0221169036 0.0192488263
0 0.9175355450 0.0699530516 0.0249605055 0.0248826291
0 0.8720379147 0.0307511737 0.0218009479 0.0122065728
0 0.9775671406 0.0300469484 0.0173775671 0.0136150235
0 0.9115323855 0.1960093897 0.0151658768 0.0173708920
0 0.8597156398 0.2610328638 0.0205371248 0.0124413146
0 0.8789889415 0.2504694836 0.0154818325 0.0147887324
0 0.2575039494 0.4669014085 0.0202211690 0.0169014085
0 0.3105845182 0.3884976526 0.0151658768 0.0215962441
0 0.1851500790 0.5460093897 0.0278041074 0.0201877934
0 0.2142180095 0.5699530516 0.0391785150 0.0309859155
0 0.2467614534 0.0741784038 0.0284360190 0.0166666667
0 0.2502369668 0.1145539906 0.0205371248 0.0204225352
0 0.3023696682 0.2037558685 0.0173775671 0.0166666667
0 0.3232227488 0.1551643192 0.0157977883 0.0136150235
0 0.3579778831 0.1039906103 0.0189573460 0.0169014085
0 0.2063191153 0.0345070423 0.0148499210 0.0117370892
0 0.3737756714 0.0225352113 0.0252764613 0.0107981221
0 0.4041074250 0.0079812207 0.0135860979 0.0159624413
