0 0.8009592326 0.7056410256 0.0503597122 0.0389743590
0 0.7134292566 0.6748717949 0.0491606715 0.0369230769
0 0.8285371703 0.5969230769 0.0443645084 0.0441025641
0 0.7026378897 0.5661538462 0.0407673861 0.0256410256
0 0.6714628297 0.6143589744 0.0335731415 0.0410256410
0 0.6187050360 0.6194871795 0.0743405276 0.0400000000
0 0.5407673861 0.5364102564 0.0311750600 0.0502564103
0 0.5359712230 0.6246153846 0.0443645084 0.0317948718
0 0.4976019185 0.6871794872 0.0575539568 0.0502564103
0 0.4280575540 0.7456410256 0.0323741007 0.0420512821
0 0.3513189448 0.7702564103 0.0359712230 0.0410256410
0 0.4724220624 0.8133333333 0.0863309353 0.0471794872
0 0.5935251799 0.8358974359 0.0395683453 0.0369230769
0 0.7086330935 0.7405128205 0.0587529976 0.0410256410
0 0.6522781775 0.7887179487 0.0227817746 0.0266666667
0 0.7122302158 0.8728205128 0.0395683453 0.0358974359
0 0.5407673861 0.9446153846 0.0539568345 0.0584615385
0 0.4784172662 0.9066666667 0.0467625899 0.0420512821
0 0.4604316547 0.8584615385 0.0443645084 0.0338461538
0 0.4052757794 0.8758974359 0.0359712230 0.0420512821
0 0.3549160671 0.8574358974 0.0227817746 0.0317948718
0 0.3261390887 0.9087179487 0.0455635492 0.0235897436
0 0.2673860911 0.9025641026 0.0383693046 0.0297435897
0 0.3381294964 0.9446153846 0.0467625899 0.0266666667
0 0.3812949640 0.9251282051 0.0395683453 0.0266666667
0 0.4400479616 0.9343589744 0.0599520384 0.0482051282
0 0.3621103118 0.9692307692 0.0527577938 0.0276923077
0 0.1810551559 0.8164102564 0.0395683453 0.0492307692
0 0.1187050360 0.8338461538 0.0407673861 0.0297435897
0 0.2002398082 0.7528205128 0.0311750600 0.0379487179
0 0.1666666667 0.6984615385 0.0455635492 0.0430769231
0 0.2194244604 0.6676923077 0.0467625899 0.0533333333
0 0.0623501199 0.5169230769 0.0383693046 0.0379487179
0 0.0191846523 0.1969230769 0.0323741007 0.0400000000
0 0.2901678657 0.1887179487 0.0215827338 0.0287179487
0 0.2841726619 0.2994871795 0.0491606715 0.0317948718
0 0.3285371703 0.3784615385 0.0383693046 0.0410256410
0 0.5011990408 0.4123076923 0.0335731415 0.0328205128
0 0.3393285372 0.4605128205 0.0719424460 0.0410256410
0 0.3465227818 0.5517948718 0.0491606715 0.0328205128
0 0.3081534772 0.5774358974 0.0467625899 0.0287179487
0 0.3057553957 0.6338461538 0.0431654676 0.0420512821
0 0.6019184652 0.4266666667 0.0371702638 0.0194871795
0 0.5935251799 0.4020512821 0.0467625899 0.0215384615
0 0.5215827338 0.3702564103 0.0419664269 0.0420512821
0 0.7194244604 0.4092307692 0.0371702638 0.0400000000
0 0.7877697842 0.4112820513 0.0455635492 0.0369230769
0 0.7877697842 0.3579487179 0.0407673861 0.0328205128
0 0.7290167866 0.3456410256 0.0527577938 0.0276923077
0 0.7529976019 0.3128205128 0.0431654676 0.0328205128
0 0.7266187050 0.2728205128 0.0347721823 0.0297435897
0 0.8729016787 0.2779487179 0.0539568345 0.0358974359
0 0.9628297362 0.3025641026 0.0335731415 0.0369230769
0 0.8968824940 0.3353846154 0.0383693046 0.0389743590
0 0.8525179856 0.4030769231 0.0359712230 0.0307692308
0 0.8776978417 0.4246153846 0.0395683453 0.0328205128
0 0.9388489209 0.4605128205 0.0371702638 0.0328205128
0 0.8896882494 0.5353846154 0.0731414868 0.0523076923
0 0.8441247002 0.5261538462 0.0263788969 0.0400000000
0 0.7841726619 0.4953846154 0.0479616307 0.0338461538
0 0.7422062350 0.4841025641 0.0359712230 0.0369230769
0 0.7350119904 0.4574358974 0.0479616307 0.0307692308
0 0.6978417266 0.4297435897 0.0383693046 0.0338461538
0 0.6906474820 0.4584615385 0.0311750600 0.0369230769
0 0.6798561151 0.4994871795 0.0359712230 0.0451282051
0 0.2290167866 0.3692307692 0.0455635492 0.0215384615
0 0.4700239808 0.2943589744 0.0599520384 0.0512820513
0 0.4796163070 0.2225641026 0.0455635492 0.0400000000
0 0.5083932854 0.1743589744 0.0395683453 0.0338461538
0 0.4544364508 0.1364102564 0.0563549161 0.0523076923
0 0.3896882494 0.0676923077 0.0395683453 0.0461538462
0 0.7050359712 0.0276923077 0.0323741007 0.0389743590
0 0.7601918465 0.1148717949 0.0359712230 0.0358974359
0 0.8213429257 0.1066666667 0.0431654676 0.0276923077
0 0.9436450839 0.0943589744 0.0371702638 0.0328205128
0 0.8788968825 0.1641025641 0.0539568345 0.0400000000
0 0.8393285372 0.2020512821 0.0455635492 0.0235897436
0 0.5901234568 0.9288084465 0.0306878307 0.0214177979
0 0.6564373898 0.8669683258 0.0239858907 0.0238310709
0 0.7738977072 0.7803921569 0.0239858907 0.0241327300
