0 0.3615000000 0.5093632959 0.0135000000 0.0247191011
0 0.3340000000 0.5220973783 0.0110000000 0.0232209738
0 0.3845000000 0.5191011236 0.0185000000 0.0277153558
0 0.3725000000 0.4404494382 0.0125000000 0.0262172285
0 0.2910000000 0.3580524345 0.0105000000 0.0224719101
0 0.2640000000 0.3063670412 0.0115000000 0.0239700375
0 0.3895000000 0.6029962547 0.0165000000 0.0209737828
0 0.3950000000 0.5782771536 0.0250000000 0.0194756554
0 0.3190000000 0.6277153558 0.0110000000 0.0179775281
0 0.3660000000 0.7220973783 0.0125000000 0.0194756554
0 0.3765000000 0.8052434457 0.0145000000 0.0187265918
0 0.4905000000 0.6853932584 0.0100000000 0.0202247191
0 0.5655000000 0.6411985019 0.0115000000 0.0179775281
0 0.5790000000 0.6307116105 0.0165000000 0.0292134831
0 0.5860000000 0.6097378277 0.0180000000 0.0149812734
0 0.6085000000 0.6419475655 0.0140000000 0.0179775281
0 0.5910000000 0.6569288390 0.0110000000 0.0202247191
0 0.6380000000 0.6149812734 0.0135000000 0.0202247191
0 0.6565000000 0.7318352060 0.0145000000 0.0269662921
0 0.5710000000 0.7805243446 0.0135000000 0.0224719101
0 0.8030000000 0.6906367041 0.0115000000 0.0232209738
0 0.7805000000 0.6232209738 0.0135000000 0.0224719101
0 0.7540000000 0.6074906367 0.0135000000 0.0172284644
0 0.8435000000 0.5902621723 0.0120000000 0.0187265918
0 0.8485000000 0.5610486891 0.0120000000 0.0202247191
0 0.7890000000 0.7677902622 0.0150000000 0.0187265918
0 0.7495000000 0.7812734082 0.0150000000 0.0157303371
0 0.7235000000 0.6996254682 0.0120000000 0.0262172285
0 0.7200000000 0.5453183521 0.0140000000 0.0172284644
0 0.6255000000 0.3902621723 0.0115000000 0.0232209738
0 0.5855000000 0.3977528090 0.0185000000 0.0277153558
0 0.5620000000 0.4269662921 0.0105000000 0.0224719101
0 0.5475000000 0.4779026217 0.0105000000 0.0262172285
0 0.4240000000 0.4921348315 0.0125000000 0.0157303371
0 0.6345000000 0.3318352060 0.0085000000 0.0202247191
0 0.6095000000 0.3385767790 0.0100000000 0.0179775281
0 0.6085000000 0.2973782772 0.0135000000 0.0217228464
0 0.6270000000 0.2494382022 0.0135000000 0.0202247191
0 0.6620000000 0.2509363296 0.0085000000 0.0172284644
0 0.6835000000 0.2344569288 0.0120000000 0.0224719101
0 0.6790000000 0.3011235955 0.0135000000 0.0179775281
0 0.4105000000 0.2614232210 0.0135000000 0.0262172285
0 0.4405000000 0.2711610487 0.0155000000 0.0217228464
0 0.3940000000 0.1498127341 0.0135000000 0.0209737828
0 0.4435000000 0.1318352060 0.0140000000 0.0134831461
0 0.3340000000 0.1370786517 0.0150000000 0.0247191011
0 0.3310000000 0.1910112360 0.0145000000 0.0209737828
0 0.3450000000 0.1925093633 0.0140000000 0.0217228464
0 0.3620000000 0.0794007491 0.0110000000 0.0217228464
0 0.6075000000 0.8846441948 0.0120000000 0.0149812734
0 0.5490000000 0.7453183521 0.0140000000 0.0239700375
0 0.5905000000 0.6936329588 0.0145000000 0.0187265918
0 0.6590000000 0.8539325843 0.0165000000 0.0187265918
0 0.6840000000 0.8337078652 0.0165000000 0.0164794007
0 0.6535000000 0.8981273408 0.0120000000 0.0224719101
