0 0.5831702544 0.5066666667 0.1232876712 0.0584615385
0 0.5919765166 0.3487179487 0.0782778865 0.1230769231
0 0.6800391389 0.2584615385 0.1037181996 0.0912820513
0 0.5215264188 0.0974358974 0.0802348337 0.1292307692
0 0.4452054795 0.2810256410 0.0724070450 0.1035897436
0 0.3816046967 0.3415384615 0.0508806262 0.0892307692
0 0.2739726027 0.3610256410 0.0821917808 0.1087179487
0 0.2260273973 0.2389743590 0.0450097847 0.1035897436
0 0.1506849315 0.1620512821 0.0929549902 0.0728205128
0 0.0489236791 0.1589743590 0.0978473581 0.1056410256
0 0.0501467710 0.7897435897 0.1002935421 0.1087179487
0 0.1986301370 0.9353846154 0.1066536204 0.1138461538
0 0.0283757339 0.9530769231 0.0567514677 0.0938461538
0 0.7289628180 0.5856410256 0.1232876712 0.0738461538
0 0.8160469667 0.6502564103 0.0684931507 0.1138461538
0 0.8874755382 0.6820512821 0.0733855186 0.1128205128
0 0.9657534247 0.7333333333 0.0606653620 0.1169230769
0 0.7622309198 0.7579487179 0.1203522505 0.0892307692
0 0.9021526419 0.8789743590 0.1232876712 0.0943589744
0 0.8816046967 0.5384615385 0.0528375734 0.1230769231
0 0.7436399217 0.4974358974 0.1135029354 0.0523076923
0 0.7886497065 0.3969230769 0.1086105675 0.0882051282
0 0.8943248532 0.3702564103 0.0547945205 0.1066666667
0 0.9598825832 0.4830769231 0.0802348337 0.0625641026
