0 0.5836614173 0.2523076923 0.0826771654 0.1015384615
0 0.6535433071 0.2892307692 0.0866141732 0.0810256410
0 0.6929133858 0.2082051282 0.1072834646 0.0533333333
0 0.6309055118 0.0335897436 0.0708661417 0.0671794872
0 0.5177165354 0.1415384615 0.0511811024 0.1251282051
0 0.4143700787 0.0851282051 0.0403543307 0.0841025641
0 0.2755905512 0.3805128205 0.0551181102 0.1230769231
0 0.2037401575 0.2861538462 0.0600393701 0.1097435897
0 0.1377952756 0.3076923077 0.0905511811 0.0635897436
0 0.0787401575 0.2020512821 0.0620078740 0.1005128205
0 0.1338582677 0.5374358974 0.0639763780 0.1169230769
0 0.0610236220 0.4830769231 0.0531496063 0.0912820513
0 0.0620078740 0.3620512821 0.0423228346 0.1128205128
0 0.0157480315 0.4605128205 0.0314960630 0.0953846154
0 0.0816929134 0.6717948718 0.1003937008 0.0902564103
0 0.2185039370 0.6564102564 0.0442913386 0.1292307692
0 0.2893700787 0.6728205128 0.0580708661 0.1025641026
0 0.3877952756 0.7117948718 0.0846456693 0.0953846154
0 0.4527559055 0.7384615385 0.0590551181 0.1056410256
0 0.5669291339 0.8287179487 0.0875984252 0.0912820513
0 0.6574803150 0.7866666667 0.0688976378 0.1107692308
0 0.6663385827 0.9138461538 0.0964566929 0.0605128205
0 0.7411417323 0.6861538462 0.0649606299 0.0994871795
0 0.7942913386 0.6892307692 0.0570866142 0.1056410256
0 0.9173228346 0.7230769231 0.0875984252 0.0717948718
0 0.5383858268 0.5579487179 0.0728346457 0.1179487179
0 0.4084645669 0.6082051282 0.0403543307 0.1200000000
0 0.3484251969 0.6030769231 0.0688976378 0.0984615385
0 0.3789370079 0.5087179487 0.1210629921 0.0584615385
