0 0.2731313131 0.8467213115 0.0258585859 0.0193989071
0 0.2860606061 0.8221311475 0.0355555556 0.0174863388
0 0.2218181818 0.8278688525 0.0319191919 0.0218579235
0 0.2161616162 0.8513661202 0.0363636364 0.0207650273
0 0.2561616162 0.8713114754 0.0189898990 0.0202185792
0 0.3010101010 0.7737704918 0.0258585859 0.0218579235
0 0.3155555556 0.7491803279 0.0343434343 0.0237704918
0 0.3709090909 0.7573770492 0.0282828283 0.0120218579
0 0.3123232323 0.8081967213 0.0262626263 0.0155737705
0 0.3652525253 0.7904371585 0.0141414141 0.0196721311
0 0.4565656566 0.7461748634 0.0165656566 0.0204918033
0 0.4274747475 0.7450819672 0.0242424242 0.0136612022
0 0.3935353535 0.7153005464 0.0424242424 0.0193989071
0 0.5252525253 0.7234972678 0.0347474747 0.0199453552
0 0.6068686869 0.7415300546 0.0315151515 0.0251366120
0 0.5701010101 0.7106557377 0.0161616162 0.0204918033
0 0.5543434343 0.6633879781 0.0339393939 0.0202185792
0 0.6404040404 0.6852459016 0.0347474747 0.0232240437
0 0.6630303030 0.6568306011 0.0303030303 0.0284153005
0 0.6323232323 0.6535519126 0.0282828283 0.0174863388
0 0.7802020202 0.6781420765 0.0327272727 0.0251366120
0 0.8290909091 0.6590163934 0.0258585859 0.0177595628
0 0.7915151515 0.6456284153 0.0274747475 0.0166666667
0 0.3474747475 0.9603825137 0.0238383838 0.0172131148
0 0.3713131313 0.9871584699 0.0242424242 0.0087431694
0 0.4222222222 0.9398907104 0.0230303030 0.0174863388
0 0.5874747475 0.9513661202 0.0246464646 0.0207650273
0 0.7745454545 0.9494535519 0.0161616162 0.0284153005
0 0.3785858586 0.8937158470 0.0161616162 0.0155737705
0 0.1042424242 0.9909836066 0.0319191919 0.0120218579
0 0.2521212121 0.7510928962 0.0222222222 0.0188524590
0 0.1268686869 0.8445355191 0.0137373737 0.0207650273
0 0.5111111111 0.2202185792 0.0311111111 0.0254098361
0 0.7636363636 0.2243169399 0.0323232323 0.0308743169
0 0.7745454545 0.1994535519 0.0242424242 0.0292349727
0 0.7991919192 0.1819672131 0.0383838384 0.0180327869
0 0.8585858586 0.2688524590 0.0262626263 0.0281420765
0 0.9204040404 0.2672131148 0.0197979798 0.0218579235
0 0.9422222222 0.3133879781 0.0270707071 0.0273224044
0 0.8820202020 0.3622950820 0.0367676768 0.0275956284
0 0.7490909091 0.3650273224 0.0355555556 0.0147540984
0 0.7539393939 0.0991803279 0.0210101010 0.0221311475
0 0.6585858586 0.0224043716 0.0214141414 0.0177595628
0 0.3777777778 0.0672131148 0.0557575758 0.0267759563
0 0.9127272727 0.0448087432 0.0254545455 0.0248633880
0 0.9365656566 0.0316939891 0.0266666667 0.0213114754
0 0.9839393939 0.0426229508 0.0321212121 0.0169398907
0 0.6509090909 0.2661202186 0.0173737374 0.0191256831
0 0.6218181818 0.4653005464 0.0303030303 0.0199453552
0 0.6012121212 0.4382513661 0.0185858586 0.0177595628
0 0.5624242424 0.4762295082 0.0222222222 0.0234972678
0 0.4452525253 0.4428961749 0.0173737374 0.0232240437
0 0.6808080808 0.4838797814 0.0286868687 0.0289617486
0 0.6533333333 0.4964480874 0.0258585859 0.0193989071
0 0.6335353535 0.5300546448 0.0371717172 0.0163934426
0 0.6016161616 0.5571038251 0.0327272727 0.0267759563
0 0.6812121212 0.5401639344 0.0270707071 0.0106557377
0 0.7042424242 0.5423497268 0.0202020202 0.0193989071
0 0.7018181818 0.5702185792 0.0262626263 0.0185792350
0 0.7717171717 0.5112021858 0.0298989899 0.0142076503
0 0.7555555556 0.4505464481 0.0375757576 0.0207650273
0 0.8153535354 0.4221311475 0.0125252525 0.0155737705
0 0.8088888889 0.5360655738 0.0319191919 0.0185792350
0 0.8315151515 0.5551912568 0.0286868687 0.0237704918
0 0.8791919192 0.5836065574 0.0234343434 0.0237704918
0 0.9535353535 0.5472677596 0.0145454545 0.0286885246
0 0.9624242424 0.4803278689 0.0238383838 0.0158469945
0 0.9591919192 0.4073770492 0.0218181818 0.0180327869
0 0.9353535354 0.4076502732 0.0218181818 0.0207650273
0 0.8565656566 0.5907103825 0.0274747475 0.0210382514
0 0.8145454545 0.6243169399 0.0206060606 0.0114754098
0 0.7349494949 0.6248633880 0.0210101010 0.0117486339
0 0.5644444444 0.6292349727 0.0290909091 0.0117486339
0 0.5450505051 0.6325136612 0.0185858586 0.0166666667
0 0.8452525253 0.3874316940 0.0351515152 0.0232240437
