0 0.5162361624 0.9705794948 0.0202952030 0.0154531947
0 0.5180811808 0.9420505201 0.0202952030 0.0175334324
0 0.5166051661 0.9209509658 0.0177121771 0.0202080238
0 0.5579335793 0.8573551263 0.0199261993 0.0181277860
0 0.5889298893 0.8502228826 0.0214022140 0.0175334324
0 0.5202952030 0.8635958395 0.0107011070 0.0225854383
0 0.5077490775 0.8674591382 0.0147601476 0.0145616642
0 0.5047970480 0.8537890045 0.0140221402 0.0169390788
0 0.4966789668 0.8439821694 0.0225092251 0.0083209510
0 0.4697416974 0.8157503715 0.0228782288 0.0130757801
0 0.4479704797 0.8160475483 0.0206642066 0.0130757801
0 0.4221402214 0.8436849926 0.0228782288 0.0178306092
0 0.3985239852 0.8401188707 0.0162361624 0.0199108470
0 0.4365313653 0.8582466568 0.0276752768 0.0169390788
0 0.4708487085 0.8811292719 0.0228782288 0.0258543834
0 0.4900369004 0.8799405646 0.0158671587 0.0222882615
0 0.5047970480 0.8876671620 0.0121771218 0.0208023774
0 0.4664206642 0.9123328380 0.0261992620 0.0106983655
0 0.4527675277 0.8983655275 0.0210332103 0.0139673105
0 0.4295202952 0.9099554235 0.0180811808 0.0130757801
0 0.3734317343 0.9369985141 0.0221402214 0.0154531947
0 0.3527675277 0.9063893016 0.0232472325 0.0142644874
0 0.2815498155 0.9289747400 0.0221402214 0.0193164933
0 0.3859778598 0.9759286776 0.0291512915 0.0231797920
0 0.2369003690 0.9699851412 0.0298892989 0.0181277860
0 0.2162361624 0.9057949480 0.0291512915 0.0219910847
0 0.2365313653 0.8650817236 0.0199261993 0.0297176820
0 0.3354243542 0.8971768202 0.0232472325 0.0121842496
0 0.2047970480 0.8781575037 0.0173431734 0.0127786033
0 0.1848708487 0.8912332838 0.0276752768 0.0181277860
0 0.1642066421 0.8826151560 0.0129151292 0.0199108470
0 0.1542435424 0.8731054978 0.0177121771 0.0157503715
0 0.1708487085 0.9129271917 0.0177121771 0.0154531947
0 0.1239852399 0.9937592868 0.0250922509 0.0124814264
0 0.1332103321 0.9515601783 0.0140221402 0.0205052006
0 0.2003690037 0.9343239227 0.0191881919 0.0151560178
0 0.1125461255 0.9352154532 0.0202952030 0.0181277860
0 0.2070110701 0.7893016345 0.0228782288 0.0172362556
0 0.2014760148 0.7690936107 0.0254612546 0.0205052006
0 0.2236162362 0.7634472511 0.0132841328 0.0166419019
0 0.2616236162 0.7616641902 0.0206642066 0.0181277860
0 0.2963099631 0.7527488856 0.0357933579 0.0225854383
0 0.2693726937 0.7919762259 0.0188191882 0.0225854383
0 0.2929889299 0.7875185736 0.0162361624 0.0199108470
0 0.3841328413 0.7881129272 0.0261992620 0.0184249629
0 0.4070110701 0.7732540862 0.0210332103 0.0160475483
0 0.4302583026 0.7780089153 0.0184501845 0.0169390788
0 0.4129151292 0.7578008915 0.0228782288 0.0127786033
0 0.4361623616 0.7402674591 0.0195571956 0.0109955423
0 0.4749077491 0.7414561664 0.0276752768 0.0136701337
0 0.4483394834 0.7601783061 0.0376383764 0.0222882615
0 0.1671586716 0.7711738484 0.0250922509 0.0151560178
0 0.1317343173 0.7723625557 0.0232472325 0.0136701337
0 0.1261992620 0.7592867756 0.0228782288 0.0190193165
0 0.3140221402 0.7138187221 0.0121771218 0.0196136701
0 0.4656826568 0.7069836553 0.0295202952 0.0172362556
0 0.3819188192 0.6939078752 0.0228782288 0.0202080238
0 0.5044280443 0.6528974740 0.0217712177 0.0148588410
0 0.5845018450 0.6531946508 0.0265682657 0.0157503715
0 0.6084870849 0.6421991085 0.0354243542 0.0202080238
0 0.6066420664 0.6210995542 0.0199261993 0.0154531947
0 0.6900369004 0.6793462110 0.0280442804 0.0205052006
0 0.6822878229 0.7001485884 0.0284132841 0.0139673105
0 0.6874538745 0.7595839525 0.0214022140 0.0208023774
0 0.7653136531 0.6448736999 0.0276752768 0.0154531947
0 0.8276752768 0.6178306092 0.0239852399 0.0133729569
0 0.9047970480 0.6086181278 0.0302583026 0.0166419019
0 0.8380073801 0.6448736999 0.0166051661 0.0148588410
0 0.8250922509 0.6939078752 0.0206642066 0.0154531947
0 0.8929889299 0.7069836553 0.0269372694 0.0175334324
0 0.9468634686 0.7096582467 0.0269372694 0.0169390788
0 0.8756457565 0.7340267459 0.0177121771 0.0210995542
0 0.0295202952 0.6365527489 0.0261992620 0.0243684993
0 0.0749077491 0.5973254086 0.0346863469 0.0139673105
0 0.0833948339 0.5780089153 0.0191881919 0.0213967311
0 0.0623616236 0.5670133730 0.0273062731 0.0193164933
0 0.0291512915 0.5738484398 0.0269372694 0.0181277860
0 0.1317343173 0.5783060921 0.0236162362 0.0196136701
0 0.2121771218 0.5800891530 0.0147601476 0.0210995542
0 0.2387453875 0.5982169391 0.0143911439 0.0231797920
0 0.2686346863 0.5518573551 0.0239852399 0.0172362556
0 0.2771217712 0.5286775632 0.0188191882 0.0196136701
0 0.2944649446 0.5441307578 0.0184501845 0.0213967311
0 0.3904059041 0.5949479941 0.0202952030 0.0216939079
0 0.0645756458 0.4977711738 0.0295202952 0.0142644874
0 0.0627306273 0.5164933135 0.0191881919 0.0205052006
0 0.0546125461 0.5367013373 0.0250922509 0.0175334324
0 0.0435424354 0.5066864785 0.0184501845 0.0228826152
0 0.0254612546 0.5001485884 0.0110701107 0.0184249629
0 0.0590405904 0.4353640416 0.0217712177 0.0222882615
0 0.0841328413 0.4294205052 0.0191881919 0.0234769688
0 0.1797047970 0.5054977712 0.0173431734 0.0196136701
0 0.2612546125 0.4424962853 0.0214022140 0.0175334324
0 0.6107011070 0.4924219911 0.0191881919 0.0243684993
0 0.6424354244 0.4433878158 0.0273062731 0.0196136701
0 0.6627306273 0.4594353640 0.0309963100 0.0219910847
0 0.8180811808 0.5052005944 0.0236162362 0.0199108470
0 0.8472324723 0.4852897474 0.0236162362 0.0166419019
0 0.8686346863 0.5361069837 0.0202952030 0.0196136701
0 0.7151291513 0.5473997028 0.0228782288 0.0115898960
0 0.9007380074 0.3821693908 0.0236162362 0.0178306092
0 0.2239852399 0.1922734027 0.0346863469 0.0297176820
0 0.3022140221 0.2725111441 0.0306273063 0.0273402675
0 0.4996309963 0.2109955423 0.0239852399 0.0187221397
0 0.4118081181 0.6769687964 0.0180811808 0.0166419019
0 0.3594095941 0.6811292719 0.0151291513 0.0187221397
0 0.3907749077 0.6728083210 0.0151291513 0.0121842496
0 0.4413284133 0.6460624071 0.0180811808 0.0196136701
0 0.7885608856 0.4858841010 0.0202952030 0.0142644874
