0 0.5802161264 0.6676923077 0.0556940981 0.0912820513
0 0.5727348296 0.4943589744 0.0598503741 0.0523076923
0 0.5286783042 0.4215384615 0.0507065669 0.0841025641
0 0.4621778886 0.4215384615 0.0581878637 0.0461538462
0 0.4447215295 0.3641025641 0.0590191189 0.0482051282
0 0.4014962594 0.2974358974 0.0315876974 0.0594871795
0 0.3832086451 0.3415384615 0.0532003325 0.0717948718
0 0.3956774730 0.4164102564 0.0573566085 0.0471794872
0 0.4397339983 0.4656410256 0.0573566085 0.0543589744
0 0.3341645885 0.4830769231 0.0798004988 0.0441025641
0 0.2975893599 0.4112820513 0.0515378221 0.0605128205
0 0.3158769742 0.3538461538 0.0723192020 0.0471794872
0 0.4480465503 0.5394871795 0.0648379052 0.0410256410
0 0.5286783042 0.5487179487 0.0673316708 0.0861538462
0 0.3965087282 0.6307692308 0.0382377390 0.0769230769
