0 0.1982585399 0.4820512821 0.0582719357 0.1076923077
0 0.0510716678 0.4287179487 0.1021433356 0.1435897436
0 0.3804420630 0.4769230769 0.0515740121 0.0964102564
0 0.2464835901 0.7138461538 0.0576021433 0.0912820513
0 0.3261888814 0.7394871795 0.0582719357 0.0994871795
0 0.2652377763 0.8523076923 0.0535833891 0.1076923077
0 0.3375753516 0.8769230769 0.0475552579 0.1097435897
0 0.3837910248 0.8687179487 0.0381781648 0.1087179487
0 0.4239785666 0.7979487179 0.0482250502 0.1117948718
0 0.4038847957 0.6635897436 0.0596115204 0.1189743590
0 0.4326858674 0.6061538462 0.0736771601 0.1056410256
0 0.4943067649 0.6051282051 0.0435365037 0.1066666667
0 0.5331547220 0.6543589744 0.0535833891 0.1128205128
0 0.5853985265 0.7600000000 0.0609511052 0.0923076923
0 0.6470194240 0.7682051282 0.0488948426 0.1035897436
0 0.6523777629 0.6635897436 0.0609511052 0.0912820513
0 0.7220361688 0.7025641026 0.0549229739 0.0892307692
0 0.7849966510 0.7425641026 0.0455458808 0.0923076923
0 0.9156061621 0.7220512821 0.0562625586 0.0964102564
0 0.9730408573 0.7097435897 0.0539182853 0.1015384615
0 0.9517749498 0.8348717949 0.0509042197 0.1066666667
0 0.8868050904 0.6000000000 0.0656396517 0.1025641026
0 0.8546550569 0.4584615385 0.0569323510 0.0964102564
0 0.7622237106 0.3610256410 0.0756865372 0.1702564103
0 0.7903549900 0.2307692308 0.0602813128 0.0861538462
0 0.7910247823 0.1097435897 0.1131949096 0.1497435897
0 0.6671131949 0.1251282051 0.1152042867 0.1343589744
0 0.6456798392 0.2748717949 0.1212324180 0.1671794872
0 0.5077026122 0.2410256410 0.0589417281 0.1056410256
0 0.5458807770 0.4328205128 0.0582719357 0.0830769231
0 0.6188881447 0.5517948718 0.0448760884 0.1138461538
0 0.5452109846 0.5620512821 0.0676490288 0.0687179487
0 0.4742129940 0.5158974359 0.0663094441 0.0758974359
0 0.4219691896 0.4266666667 0.0636302746 0.0923076923
0 0.4454119223 0.3179487179 0.1265907569 0.2225641026
0 0.3174815807 0.2492307692 0.1024782317 0.1189743590
0 0.3228399196 0.1405128205 0.0984594776 0.0574358974
0 0.1855324849 0.1253846154 0.1352980576 0.2507692308
0 0.2304085733 0.3374358974 0.0890823845 0.1405128205
0 0.4775619558 0.8994871795 0.0529135968 0.1158974359
0 0.5365036839 0.9323076923 0.0649698593 0.1005128205
0 0.5981245814 0.9551282051 0.0589417281 0.0897435897
0 0.7059611520 0.8707692308 0.0522438044 0.1046153846
0 0.8117883456 0.8758974359 0.1393168118 0.1405128205
0 0.5285223368 0.7578947368 0.0391752577 0.0594736842
0 0.4199312715 0.9063157895 0.0182130584 0.0368421053
0 0.3690721649 0.8021052632 0.0563573883 0.0389473684
0 0.3194909578 0.4358974359 0.0415271266 0.0717948718
0 0.5813797723 0.5271794872 0.0348292029 0.0553846154
0 0.5827193570 0.6348717949 0.0401875419 0.0851282051
0 0.7307434695 0.6256410256 0.0542531815 0.0584615385
