0 0.3213296399 0.2823408624 0.1121883657 0.0924024641
0 0.5401662050 0.0841889117 0.1108033241 0.0513347023
0 0.2119113573 0.2731006160 0.1024930748 0.0780287474
0 0.2562326870 0.4435318275 0.1038781163 0.0780287474
0 0.3462603878 0.4589322382 0.1038781163 0.0605749487
0 0.3781163435 0.5318275154 0.1218836565 0.0780287474
0 0.3005540166 0.5513347023 0.1288088643 0.0503080082
0 0.3988919668 0.6303901437 0.0734072022 0.0770020534
0 0.6578947368 0.7084188912 0.1232686981 0.0831622177
0 0.5443213296 0.8408624230 0.0983379501 0.0995893224
0 0.2091412742 0.6591375770 0.1204986150 0.0718685832
0 0.1343490305 0.5544147844 0.0775623269 0.0985626283
