0 0.5953947368 0.5897435897 0.0811403509 0.0717948718
0 0.6710526316 0.7179487179 0.0866228070 0.0635897436
0 0.6798245614 0.7917948718 0.0701754386 0.0738461538
0 0.8300438596 0.8441025641 0.0657894737 0.0697435897
0 0.9243421053 0.5210256410 0.0701754386 0.1046153846
0 0.5087719298 0.5158974359 0.0668859649 0.0748717949
0 0.4462719298 0.5241025641 0.0767543860 0.0800000000
0 0.4835526316 0.6123076923 0.0701754386 0.0902564103
0 0.3991228070 0.4287179487 0.0778508772 0.0892307692
0 0.5953947368 0.4912820513 0.0581140351 0.0820512821
0 0.2094298246 0.6307692308 0.0690789474 0.0758974359
0 0.1359649123 0.5528205128 0.0723684211 0.0728205128
0 0.1436403509 0.4820512821 0.0855263158 0.0666666667
0 0.2182017544 0.5128205128 0.0690789474 0.0717948718
0 0.2993421053 0.5353846154 0.0690789474 0.0656410256
0 0.0712719298 0.6974358974 0.0767543860 0.0717948718
0 0.0635964912 0.5476923077 0.0603070175 0.0666666667
0 0.1019736842 0.4061538462 0.0471491228 0.0800000000
0 0.0372807018 0.3282051282 0.0745614035 0.0533333333
0 0.0274122807 0.4123076923 0.0548245614 0.0410256410
0 0.0189144737 0.4728205128 0.0378289474 0.0687179487
0 0.3750000000 0.3394871795 0.0888157895 0.0820512821
0 0.5219298246 0.4235897436 0.0570175439 0.0779487179
0 0.6447368421 0.3425641026 0.0855263158 0.0933333333
0 0.7280701754 0.9476923077 0.0646929825 0.0738461538
0 0.4714912281 0.8943589744 0.0723684211 0.0697435897
0 0.4956140351 0.7805128205 0.0657894737 0.0656410256
0 0.4342105263 0.6943589744 0.0646929825 0.0687179487
0 0.3311403509 0.6307692308 0.0394736842 0.0676923077
0 0.2675438596 0.6164102564 0.0603070175 0.0738461538
0 0.0120614035 0.6810256410 0.0241228070 0.0666666667
0 0.0441337719 0.9466666667 0.0882675439 0.0574358974
0 0.2730263158 0.3025641026 0.0767543860 0.0676923077
0 0.2653508772 0.2317948718 0.0745614035 0.0758974359
0 0.4013157895 0.2574358974 0.0581140351 0.0707692308
0 0.3004385965 0.1815384615 0.0800438596 0.0615384615
0 0.2620614035 0.1076923077 0.0625000000 0.0656410256
0 0.3092105263 0.0728205128 0.0964912281 0.0687179487
0 0.1831140351 0.0933333333 0.0778508772 0.0882051282
0 0.1173245614 0.1148717949 0.0690789474 0.0758974359
0 0.1052631579 0.1948717949 0.0701754386 0.0758974359
0 0.1644736842 0.2123076923 0.0756578947 0.1107692308
