0 0.7021212121 0.9147474747 0.0148484848 0.0145454545
0 0.7063636364 0.8739393939 0.0136363636 0.0189898990
0 0.7024242424 0.8452525253 0.0118181818 0.0161616162
0 0.6678787879 0.8828282828 0.0142424242 0.0278787879
0 0.6515151515 0.8832323232 0.0118181818 0.0125252525
0 0.6327272727 0.8743434343 0.0148484848 0.0145454545
0 0.6409090909 0.8985858586 0.0133333333 0.0096969697
0 0.6145454545 0.8424242424 0.0154545455 0.0121212121
0 0.5842424242 0.8589898990 0.0130303030 0.0254545455
0 0.6921212121 0.9244444444 0.0142424242 0.0258585859
0 0.7339393939 0.9341414141 0.0181818182 0.0137373737
0 0.7430303030 0.9470707071 0.0112121212 0.0137373737
0 0.7557575758 0.9208080808 0.0151515152 0.0109090909
0 0.7396969697 0.9018181818 0.0154545455 0.0234343434
0 0.7369696970 0.8711111111 0.0209090909 0.0165656566
0 0.7615151515 0.8828282828 0.0127272727 0.0096969697
0 0.7796969697 0.9022222222 0.0275757576 0.0307070707
0 0.7763636364 0.9292929293 0.0169696970 0.0125252525
0 0.8036363636 0.9195959596 0.0157575758 0.0278787879
0 0.7742424242 0.8468686869 0.0136363636 0.0149494949
0 0.7572727273 0.8412121212 0.0118181818 0.0278787879
0 0.8381818182 0.9183838384 0.0169696970 0.0290909091
0 0.8851515152 0.8351515152 0.0133333333 0.0266666667
0 0.8348484848 0.7624242424 0.0127272727 0.0193939394
0 0.8536363636 0.7402020202 0.0118181818 0.0202020202
0 0.8181818182 0.7555555556 0.0142424242 0.0202020202
0 0.7654545455 0.7696969697 0.0151515152 0.0145454545
0 0.7560606061 0.7858585859 0.0142424242 0.0185858586
0 0.7330303030 0.7979797980 0.0184848485 0.0125252525
0 0.7130303030 0.8036363636 0.0178787879 0.0274747475
0 0.7336363636 0.7575757576 0.0239393939 0.0266666667
0 0.7815151515 0.7216161616 0.0160606061 0.0206060606
0 0.8112121212 0.7240404040 0.0184848485 0.0157575758
0 0.8096969697 0.6444444444 0.0145454545 0.0262626263
0 0.7715151515 0.6234343434 0.0209090909 0.0230303030
0 0.8500000000 0.6383838384 0.0160606061 0.0335353535
0 0.8348484848 0.6210101010 0.0103030303 0.0210101010
0 0.8678787879 0.6214141414 0.0184848485 0.0258585859
0 0.6684848485 0.8197979798 0.0190909091 0.0153535354
0 0.6427272727 0.7854545455 0.0130303030 0.0185858586
0 0.6230303030 0.7814141414 0.0178787879 0.0226262626
0 0.6760606061 0.7393939394 0.0142424242 0.0185858586
0 0.6603030303 0.7268686869 0.0151515152 0.0161616162
0 0.6478787879 0.7058585859 0.0190909091 0.0149494949
0 0.6896969697 0.7127272727 0.0187878788 0.0137373737
0 0.7127272727 0.6585858586 0.0154545455 0.0226262626
0 0.7160606061 0.6278787879 0.0127272727 0.0355555556
0 0.7160606061 0.5995959596 0.0118181818 0.0226262626
0 0.6963636364 0.6084848485 0.0124242424 0.0157575758
0 0.6969696970 0.6323232323 0.0124242424 0.0262626263
0 0.6963636364 0.5878787879 0.0100000000 0.0246464646
0 0.7493939394 0.5781818182 0.0178787879 0.0145454545
0 0.7887878788 0.5975757576 0.0212121212 0.0137373737
0 0.7890909091 0.5793939394 0.0200000000 0.0181818182
0 0.8157575758 0.5967676768 0.0187878788 0.0161616162
0 0.8484848485 0.6008080808 0.0230303030 0.0286868687
0 0.9106060606 0.6751515152 0.0127272727 0.0294949495
0 0.9124242424 0.6226262626 0.0166666667 0.0262626263
0 0.9233333333 0.5991919192 0.0139393939 0.0161616162
0 0.9509090909 0.6169696970 0.0160606061 0.0197979798
0 0.9593939394 0.6428282828 0.0209090909 0.0117171717
0 0.9784848485 0.6137373737 0.0136363636 0.0298989899
0 0.9921212121 0.6157575758 0.0112121212 0.0319191919
0 0.7124242424 0.7785858586 0.0100000000 0.0218181818
0 0.7006060606 0.7838383838 0.0093939394 0.0181818182
0 0.6839393939 0.7765656566 0.0139393939 0.0226262626
0 0.6945454545 0.7507070707 0.0130303030 0.0197979798
0 0.6572727273 0.7741414141 0.0124242424 0.0177777778
0 0.7327272727 0.7313131313 0.0227272727 0.0290909091
0 0.7536363636 0.7523232323 0.0106060606 0.0218181818
0 0.7639393939 0.7393939394 0.0096969697 0.0246464646
0 0.7887878788 0.7648484848 0.0124242424 0.0234343434
0 0.4854545455 0.8852525253 0.0157575758 0.0181818182
0 0.4951515152 0.8650505051 0.0184848485 0.0145454545
0 0.5057575758 0.8848484848 0.0187878788 0.0165656566
0 0.4669696970 0.9220202020 0.0181818182 0.0133333333
0 0.4439393939 0.9357575758 0.0160606061 0.0214141414
0 0.4257575758 0.9612121212 0.0166666667 0.0193939394
0 0.4160606061 0.9397979798 0.0100000000 0.0254545455
0 0.4024242424 0.9519191919 0.0145454545 0.0165656566
0 0.3936363636 0.9296969697 0.0178787879 0.0137373737
0 0.3700000000 0.9321212121 0.0133333333 0.0214141414
0 0.3839393939 0.9583838384 0.0136363636 0.0210101010
0 0.3490909091 0.9567676768 0.0181818182 0.0121212121
0 0.3457575758 0.9361616162 0.0184848485 0.0145454545
0 0.3475757576 0.9171717172 0.0142424242 0.0165656566
0 0.3251515152 0.9143434343 0.0193939394 0.0173737374
0 0.2948484848 0.9696969697 0.0163636364 0.0234343434
0 0.2878787879 0.9834343434 0.0136363636 0.0157575758
0 0.2706060606 0.9832323232 0.0178787879 0.0335353535
0 0.2430303030 0.9268686869 0.0203030303 0.0238383838
0 0.2866666667 0.8646464646 0.0196969697 0.0214141414
0 0.2730303030 0.8452525253 0.0136363636 0.0153535354
0 0.3006060606 0.8298989899 0.0127272727 0.0262626263
0 0.3912121212 0.8541414141 0.0163636364 0.0177777778
0 0.3845454545 0.8234343434 0.0142424242 0.0355555556
0 0.4575757576 0.7991919192 0.0190909091 0.0153535354
0 0.4418181818 0.7737373737 0.0157575758 0.0153535354
0 0.4315151515 0.8367676768 0.0112121212 0.0197979798
0 0.5287878788 0.8012121212 0.0181818182 0.0202020202
0 0.5484848485 0.7769696970 0.0184848485 0.0177777778
0 0.5724242424 0.7701010101 0.0121212121 0.0185858586
0 0.5639393939 0.7898989899 0.0160606061 0.0238383838
0 0.5400000000 0.7317171717 0.0181818182 0.0270707071
0 0.5790909091 0.6969696970 0.0136363636 0.0121212121
0 0.5687878788 0.6779797980 0.0175757576 0.0173737374
0 0.5084848485 0.6852525253 0.0184848485 0.0298989899
0 0.6087878788 0.6743434343 0.0142424242 0.0270707071
0 0.6027272727 0.6496969697 0.0148484848 0.0157575758
0 0.6245454545 0.6472727273 0.0175757576 0.0169696970
0 0.5433333333 0.7616161616 0.0181818182 0.0161616162
0 0.4136363636 0.7555555556 0.0142424242 0.0173737374
0 0.4060606061 0.7353535354 0.0103030303 0.0258585859
0 0.4203030303 0.7389898990 0.0160606061 0.0133333333
0 0.4269696970 0.7195959596 0.0103030303 0.0169696970
0 0.4163636364 0.7094949495 0.0096969697 0.0226262626
0 0.4169696970 0.6735353535 0.0151515152 0.0153535354
0 0.3981818182 0.6816161616 0.0084848485 0.0238383838
0 0.3781818182 0.6783838384 0.0127272727 0.0197979798
0 0.3500000000 0.7268686869 0.0127272727 0.0250505051
0 0.3463636364 0.7810101010 0.0136363636 0.0246464646
0 0.3696969697 0.7838383838 0.0142424242 0.0222222222
0 0.3506060606 0.8161616162 0.0151515152 0.0210101010
0 0.2993939394 0.7769696970 0.0169696970 0.0202020202
0 0.2469696970 0.8266666667 0.0203030303 0.0149494949
0 0.2518181818 0.7907070707 0.0142424242 0.0254545455
0 0.2348484848 0.7882828283 0.0109090909 0.0266666667
0 0.2290909091 0.8129292929 0.0203030303 0.0173737374
0 0.2463636364 0.8569696970 0.0169696970 0.0323232323
0 0.2612121212 0.8412121212 0.0115151515 0.0157575758
0 0.2169696970 0.7729292929 0.0096969697 0.0206060606
0 0.2624242424 0.7329292929 0.0100000000 0.0226262626
0 0.2612121212 0.6828282828 0.0130303030 0.0185858586
0 0.2621212121 0.6375757576 0.0221212121 0.0202020202
0 0.3215151515 0.6618181818 0.0257575758 0.0262626263
0 0.2148484848 0.6836363636 0.0160606061 0.0157575758
0 0.2100000000 0.6472727273 0.0172727273 0.0286868687
0 0.5112121212 0.7624242424 0.0133333333 0.0197979798
0 0.4981818182 0.7288888889 0.0127272727 0.0278787879
0 0.1933333333 0.8513131313 0.0133333333 0.0197979798
0 0.1803030303 0.8117171717 0.0239393939 0.0141414141
0 0.1593939394 0.7987878788 0.0178787879 0.0149494949
0 0.1712121212 0.8323232323 0.0121212121 0.0214141414
0 0.1681818182 0.8626262626 0.0200000000 0.0149494949
0 0.1327272727 0.8476767677 0.0166666667 0.0157575758
0 0.1193939394 0.8012121212 0.0124242424 0.0266666667
0 0.1369696970 0.7781818182 0.0163636364 0.0153535354
0 0.1545454545 0.8193939394 0.0151515152 0.0202020202
0 0.0884848485 0.8545454545 0.0209090909 0.0133333333
0 0.0784848485 0.8303030303 0.0100000000 0.0234343434
0 0.0951515152 0.7567676768 0.0181818182 0.0335353535
0 0.0751515152 0.7551515152 0.0139393939 0.0238383838
0 0.0321212121 0.7692929293 0.0136363636 0.0238383838
0 0.0233333333 0.7842424242 0.0139393939 0.0270707071
0 0.0287878788 0.8589898990 0.0124242424 0.0250505051
0 0.0181818182 0.7268686869 0.0166666667 0.0153535354
0 0.0193939394 0.6921212121 0.0215151515 0.0177777778
0 0.0390909091 0.6662626263 0.0130303030 0.0319191919
0 0.0703030303 0.6747474747 0.0157575758 0.0214141414
0 0.1312121212 0.7006060606 0.0196969697 0.0222222222
0 0.1296969697 0.6743434343 0.0136363636 0.0238383838
0 0.1460606061 0.6650505051 0.0151515152 0.0157575758
0 0.1381818182 0.6460606061 0.0157575758 0.0165656566
0 0.1760606061 0.6311111111 0.0181818182 0.0218181818
0 0.1854545455 0.6557575758 0.0127272727 0.0197979798
0 0.2772727273 0.6658585859 0.0181818182 0.0206060606
0 0.1672727273 0.7410101010 0.0200000000 0.0177777778
0 0.1163636364 0.7313131313 0.0139393939 0.0246464646
0 0.0393939394 0.7446464646 0.0148484848 0.0230303030
0 0.1512121212 0.9200000000 0.0300000000 0.0347474747
0 0.1278787879 0.9086868687 0.0142424242 0.0173737374
0 0.1842424242 0.9292929293 0.0160606061 0.0181818182
0 0.2003030303 0.9470707071 0.0163636364 0.0141414141
0 0.1221212121 0.9288888889 0.0212121212 0.0218181818
0 0.7384848485 0.9822222222 0.0163636364 0.0210101010
0 0.6739393939 0.9620202020 0.0169696970 0.0157575758
0 0.8066666667 0.9729292929 0.0233333333 0.0387878788
0 0.8406060606 0.9816161616 0.0251515152 0.0367676768
0 0.8609090909 0.9717171717 0.0145454545 0.0408080808
0 0.8909090909 0.9668686869 0.0378787879 0.0319191919
0 0.9496969697 0.9074747475 0.0209090909 0.0537373737
0 0.9124242424 0.8610101010 0.0130303030 0.0161616162
0 0.9030303030 0.8921212121 0.0093939394 0.0181818182
0 0.8800000000 0.9046464646 0.0103030303 0.0197979798
0 0.8472727273 0.8395959596 0.0190909091 0.0133333333
0 0.8684848485 0.8092929293 0.0130303030 0.0177777778
0 0.8745454545 0.7951515152 0.0154545455 0.0129292929
0 0.7951515152 0.8254545455 0.0109090909 0.0157575758
0 0.9442424242 0.8597979798 0.0118181818 0.0141414141
0 0.9357575758 0.8452525253 0.0124242424 0.0189898990
0 0.9545454545 0.8157575758 0.0121212121 0.0226262626
0 0.9436363636 0.8004040404 0.0215151515 0.0214141414
0 0.9406060606 0.7393939394 0.0190909091 0.0218181818
0 0.9721212121 0.7119191919 0.0184848485 0.0270707071
0 0.9833333333 0.6759595960 0.0206060606 0.0210101010
0 0.9906060606 0.7111111111 0.0154545455 0.0290909091
0 0.1551515152 0.7507070707 0.0115151515 0.0234343434
0 0.1627272727 0.7814141414 0.0139393939 0.0234343434
0 0.0069696970 0.7951515152 0.0139393939 0.0222222222
0 0.2093939394 0.8509090909 0.0115151515 0.0210101010
0 0.2784848485 0.8290909091 0.0112121212 0.0214141414
0 0.2436363636 0.6614141414 0.0121212121 0.0242424242
0 0.7690909091 0.6715151515 0.0136363636 0.0181818182
0 0.5909090909 0.7127272727 0.0151515152 0.0185858586
0 0.5227272727 0.5894949495 0.0145454545 0.0246464646
0 0.5312121212 0.5644444444 0.0130303030 0.0206060606
0 0.4748484848 0.5806060606 0.0151515152 0.0270707071
0 0.4790909091 0.5309090909 0.0145454545 0.0262626263
0 0.6181818182 0.5555555556 0.0151515152 0.0234343434
0 0.6403030303 0.5620202020 0.0139393939 0.0286868687
0 0.6563636364 0.5155555556 0.0175757576 0.0307070707
0 0.5918181818 0.6307070707 0.0139393939 0.0121212121
0 0.5803030303 0.6068686869 0.0090909091 0.0226262626
0 0.4760606061 0.6254545455 0.0109090909 0.0214141414
0 0.5178787879 0.6674747475 0.0139393939 0.0161616162
0 0.8178787879 0.5280808081 0.0181818182 0.0181818182
0 0.7954545455 0.5082828283 0.0181818182 0.0157575758
0 0.7672727273 0.5260606061 0.0203030303 0.0193939394
0 0.7503030303 0.5268686869 0.0124242424 0.0250505051
0 0.7960606061 0.5511111111 0.0227272727 0.0303030303
0 0.7303030303 0.5709090909 0.0118181818 0.0206060606
0 0.7351515152 0.5361616162 0.0169696970 0.0181818182
0 0.7112121212 0.5563636364 0.0154545455 0.0222222222
0 0.6824242424 0.5410101010 0.0115151515 0.0214141414
0 0.6581818182 0.6488888889 0.0206060606 0.0117171717
0 0.6890909091 0.4864646465 0.0157575758 0.0327272727
0 0.6830303030 0.4585858586 0.0142424242 0.0266666667
0 0.6457575758 0.4856565657 0.0172727273 0.0202020202
0 0.7003030303 0.4464646465 0.0200000000 0.0193939394
0 0.7239393939 0.4820202020 0.0133333333 0.0250505051
0 0.6942424242 0.4169696970 0.0290909091 0.0222222222
0 0.6693939394 0.4133333333 0.0172727273 0.0197979798
0 0.7954545455 0.4658585859 0.0178787879 0.0355555556
0 0.8060606061 0.4432323232 0.0148484848 0.0153535354
0 0.7909090909 0.4315151515 0.0151515152 0.0153535354
0 0.8427272727 0.4759595960 0.0184848485 0.0197979798
0 0.8772727273 0.5393939394 0.0233333333 0.0294949495
0 0.8803030303 0.5765656566 0.0130303030 0.0153535354
0 0.9027272727 0.5987878788 0.0139393939 0.0109090909
0 0.8978787879 0.5797979798 0.0115151515 0.0133333333
0 0.9175757576 0.5466666667 0.0100000000 0.0230303030
0 0.9372727273 0.5664646465 0.0093939394 0.0218181818
0 0.9436363636 0.5301010101 0.0172727273 0.0254545455
0 0.9596969697 0.5414141414 0.0093939394 0.0230303030
0 0.9748484848 0.5765656566 0.0139393939 0.0379797980
0 0.9906060606 0.4824242424 0.0142424242 0.0311111111
0 0.9839393939 0.5066666667 0.0109090909 0.0185858586
0 0.9690909091 0.4509090909 0.0187878788 0.0294949495
0 0.9718181818 0.4775757576 0.0106060606 0.0202020202
0 0.9506060606 0.4953535354 0.0157575758 0.0157575758
0 0.9030303030 0.5159595960 0.0178787879 0.0181818182
0 0.8733333333 0.5082828283 0.0342424242 0.0331313131
0 0.8639393939 0.4553535354 0.0190909091 0.0238383838
0 0.9096969697 0.4933333333 0.0103030303 0.0218181818
0 0.8890909091 0.6771717172 0.0136363636 0.0278787879
0 0.8445454545 0.3797979798 0.0169696970 0.0234343434
0 0.8412121212 0.4133333333 0.0230303030 0.0323232323
0 0.8651515152 0.4109090909 0.0172727273 0.0193939394
0 0.8854545455 0.4048484848 0.0193939394 0.0254545455
0 0.8787878788 0.3818181818 0.0203030303 0.0185858586
0 0.8757575758 0.3507070707 0.0178787879 0.0254545455
0 0.8987878788 0.3414141414 0.0196969697 0.0339393939
0 0.9130303030 0.3305050505 0.0115151515 0.0266666667
0 0.9196969697 0.3539393939 0.0124242424 0.0246464646
0 0.9242424242 0.2957575758 0.0190909091 0.0359595960
0 0.9603030303 0.3115151515 0.0175757576 0.0234343434
0 0.9769696970 0.2937373737 0.0145454545 0.0218181818
0 0.9693939394 0.2622222222 0.0142424242 0.0173737374
0 0.9928787879 0.2492929293 0.0142424242 0.0210101010
0 0.9575757576 0.3636363636 0.0160606061 0.0181818182
0 0.6139393939 0.4905050505 0.0121212121 0.0242424242
0 0.5909090909 0.5115151515 0.0157575758 0.0258585859
0 0.4984848485 0.4913131313 0.0106060606 0.0278787879
0 0.4651515152 0.4343434343 0.0193939394 0.0238383838
0 0.4657575758 0.4008080808 0.0212121212 0.0202020202
0 0.4857575758 0.3466666667 0.0169696970 0.0242424242
0 0.4703030303 0.3200000000 0.0193939394 0.0222222222
0 0.4842424242 0.2670707071 0.0142424242 0.0246464646
0 0.4578787879 0.2618181818 0.0142424242 0.0173737374
0 0.4675757576 0.2347474747 0.0130303030 0.0202020202
0 0.4578787879 0.2157575758 0.0139393939 0.0230303030
0 0.4569696970 0.1862626263 0.0121212121 0.0230303030
0 0.4730303030 0.1733333333 0.0218181818 0.0173737374
0 0.5006060606 0.1793939394 0.0196969697 0.0121212121
0 0.5357575758 0.2040404040 0.0178787879 0.0311111111
0 0.5421212121 0.2501010101 0.0215151515 0.0416161616
0 0.5239393939 0.2488888889 0.0124242424 0.0206060606
0 0.5693939394 0.2319191919 0.0148484848 0.0258585859
0 0.5781818182 0.1931313131 0.0145454545 0.0181818182
0 0.6715151515 0.1955555556 0.0181818182 0.0137373737
0 0.6793939394 0.2153535354 0.0154545455 0.0214141414
0 0.7196969697 0.2145454545 0.0166666667 0.0230303030
0 0.7215151515 0.2432323232 0.0175757576 0.0165656566
0 0.7390909091 0.2703030303 0.0139393939 0.0189898990
0 0.7575757576 0.2767676768 0.0166666667 0.0387878788
0 0.7593939394 0.3098989899 0.0112121212 0.0254545455
0 0.7884848485 0.2929292929 0.0127272727 0.0189898990
0 0.8009090909 0.2981818182 0.0121212121 0.0206060606
0 0.7975757576 0.3361616162 0.0142424242 0.0193939394
0 0.7687878788 0.3422222222 0.0121212121 0.0214141414
0 0.7424242424 0.3313131313 0.0218181818 0.0189898990
0 0.7287878788 0.3591919192 0.0139393939 0.0258585859
0 0.7496969697 0.3797979798 0.0151515152 0.0157575758
0 0.7051515152 0.3369696970 0.0236363636 0.0339393939
0 0.7154545455 0.3111111111 0.0196969697 0.0222222222
0 0.7018181818 0.2816161616 0.0224242424 0.0185858586
0 0.6600000000 0.2775757576 0.0148484848 0.0258585859
0 0.6415151515 0.2836363636 0.0169696970 0.0258585859
0 0.6521212121 0.2505050505 0.0187878788 0.0165656566
0 0.6221212121 0.2646464646 0.0190909091 0.0202020202
0 0.6233333333 0.3280808081 0.0148484848 0.0222222222
0 0.6075757576 0.3527272727 0.0169696970 0.0278787879
0 0.6142424242 0.3842424242 0.0169696970 0.0230303030
0 0.5724242424 0.3894949495 0.0145454545 0.0226262626
0 0.5651515152 0.3583838384 0.0169696970 0.0238383838
0 0.5421212121 0.4226262626 0.0145454545 0.0177777778
0 0.5242424242 0.4391919192 0.0178787879 0.0161616162
0 0.5124242424 0.4602020202 0.0193939394 0.0173737374
0 0.5009090909 0.4444444444 0.0103030303 0.0189898990
0 0.5284848485 0.3745454545 0.0118181818 0.0234343434
0 0.5854545455 0.3183838384 0.0157575758 0.0189898990
0 0.5669696970 0.2933333333 0.0209090909 0.0202020202
0 0.6503030303 0.2117171717 0.0172727273 0.0202020202
0 0.7560606061 0.2294949495 0.0175757576 0.0193939394
0 0.7727272727 0.2323232323 0.0166666667 0.0254545455
0 0.7430303030 0.1898989899 0.0178787879 0.0202020202
0 0.7748484848 0.1684848485 0.0148484848 0.0234343434
0 0.7121212121 0.1741414141 0.0157575758 0.0149494949
0 0.8157575758 0.1854545455 0.0169696970 0.0149494949
0 0.7963636364 0.1769696970 0.0112121212 0.0202020202
0 0.8457575758 0.2185858586 0.0200000000 0.0141414141
0 0.8603030303 0.2004040404 0.0124242424 0.0242424242
0 0.8730303030 0.2048484848 0.0106060606 0.0177777778
0 0.8672727273 0.2323232323 0.0190909091 0.0230303030
0 0.8906060606 0.2436363636 0.0300000000 0.0185858586
0 0.9045454545 0.2642424242 0.0154545455 0.0206060606
0 0.9378787879 0.2501010101 0.0154545455 0.0169696970
0 0.9475757576 0.2024242424 0.0118181818 0.0197979798
0 0.9787878788 0.1987878788 0.0160606061 0.0206060606
0 0.9936363636 0.1858585859 0.0127272727 0.0125252525
0 0.9863636364 0.1709090909 0.0136363636 0.0181818182
0 0.9327272727 0.1777777778 0.0124242424 0.0254545455
0 0.9048484848 0.1676767677 0.0115151515 0.0206060606
0 0.8996969697 0.1886868687 0.0139393939 0.0169696970
0 0.6321212121 0.5919191919 0.0157575758 0.0181818182
0 0.6036363636 0.5785858586 0.0096969697 0.0173737374
0 0.4533333333 0.5971717172 0.0200000000 0.0125252525
0 0.4384848485 0.5648484848 0.0154545455 0.0266666667
0 0.4587878788 0.5402020202 0.0163636364 0.0161616162
0 0.4257575758 0.4634343434 0.0151515152 0.0218181818
0 0.4330303030 0.4307070707 0.0112121212 0.0226262626
0 0.3960606061 0.3886868687 0.0290909091 0.0250505051
0 0.3718181818 0.3890909091 0.0160606061 0.0157575758
0 0.3939393939 0.4440404040 0.0169696970 0.0359595960
0 0.3684848485 0.5947474747 0.0181818182 0.0141414141
0 0.5906060606 0.0925252525 0.0175757576 0.0202020202
0 0.6166666667 0.1418181818 0.0181818182 0.0181818182
0 0.5554545455 0.0791919192 0.0248484848 0.0157575758
0 0.5545454545 0.0597979798 0.0172727273 0.0185858586
0 0.5618181818 0.0424242424 0.0245454545 0.0177777778
0 0.5775757576 0.0606060606 0.0172727273 0.0246464646
0 0.5403030303 0.0161616162 0.0142424242 0.0193939394
0 0.4987878788 0.0274747475 0.0172727273 0.0157575758
0 0.5106060606 0.0832323232 0.0187878788 0.0266666667
0 0.5263636364 0.1147474747 0.0151515152 0.0226262626
0 0.5409090909 0.1527272727 0.0184848485 0.0311111111
0 0.6060606061 0.1652525253 0.0178787879 0.0202020202
0 0.4342424242 0.1410101010 0.0206060606 0.0242424242
0 0.4321212121 0.1765656566 0.0115151515 0.0246464646
0 0.4515151515 0.1042424242 0.0169696970 0.0177777778
0 0.4836363636 0.1107070707 0.0227272727 0.0367676768
0 0.4590909091 0.0464646465 0.0130303030 0.0218181818
0 0.4163636364 0.0925252525 0.0233333333 0.0274747475
0 0.4051515152 0.0525252525 0.0163636364 0.0214141414
0 0.4127272727 0.0202020202 0.0300000000 0.0327272727
0 0.3948484848 0.0185858586 0.0121212121 0.0234343434
0 0.3845454545 0.0541414141 0.0154545455 0.0234343434
0 0.3748484848 0.0731313131 0.0200000000 0.0181818182
0 0.3639393939 0.0549494949 0.0148484848 0.0238383838
0 0.3778787879 0.0121212121 0.0139393939 0.0242424242
0 0.3645454545 0.1143434343 0.0145454545 0.0254545455
0 0.3827272727 0.1418181818 0.0221212121 0.0226262626
0 0.4075757576 0.1482828283 0.0281818182 0.0335353535
0 0.4221212121 0.2298989899 0.0118181818 0.0149494949
0 0.4081818182 0.2610101010 0.0160606061 0.0169696970
0 0.4206060606 0.3216161616 0.0251515152 0.0234343434
0 0.4106060606 0.3410101010 0.0175757576 0.0165656566
0 0.4293939394 0.3559595960 0.0200000000 0.0121212121
0 0.3833333333 0.3220202020 0.0163636364 0.0226262626
0 0.3684848485 0.2416161616 0.0339393939 0.0250505051
0 0.3942424242 0.2117171717 0.0139393939 0.0141414141
0 0.3796969697 0.1644444444 0.0127272727 0.0149494949
0 0.7442424242 0.0755555556 0.0151515152 0.0202020202
0 0.7542424242 0.0557575758 0.0218181818 0.0153535354
0 0.8027272727 0.0775757576 0.0160606061 0.0230303030
0 0.8636363636 0.1224242424 0.0184848485 0.0177777778
0 0.8436363636 0.0703030303 0.0275757576 0.0246464646
0 0.8587878788 0.0452525253 0.0178787879 0.0181818182
0 0.8142424242 0.0197979798 0.0163636364 0.0238383838
0 0.8287878788 0.0444444444 0.0148484848 0.0165656566
0 0.7906060606 0.1438383838 0.0166666667 0.0197979798
0 0.7512121212 0.1402020202 0.0190909091 0.0173737374
0 0.8860606061 0.1365656566 0.0221212121 0.0282828283
0 0.9187878788 0.1212121212 0.0190909091 0.0161616162
0 0.9160606061 0.1422222222 0.0163636364 0.0262626263
0 0.9906060606 0.1422222222 0.0187878788 0.0254545455
0 0.9924242424 0.1070707071 0.0151515152 0.0189898990
0 0.9851515152 0.0913131313 0.0184848485 0.0137373737
0 0.9920454545 0.0787878788 0.0159090909 0.0185858586
0 0.9946969697 0.0638383838 0.0106060606 0.0141414141
0 0.9757575758 0.0622222222 0.0169696970 0.0214141414
0 0.9584848485 0.0800000000 0.0154545455 0.0266666667
0 0.9354545455 0.1414141414 0.0157575758 0.0193939394
0 0.9148484848 0.0658585859 0.0157575758 0.0157575758
0 0.9154545455 0.0420202020 0.0175757576 0.0181818182
0 0.9372727273 0.0286868687 0.0193939394 0.0202020202
0 0.9296969697 0.0565656566 0.0100000000 0.0274747475
0 0.9845454545 0.0185858586 0.0133333333 0.0250505051
0 0.7115151515 0.1575757576 0.0175757576 0.0125252525
0 0.0784848485 0.8052525253 0.0133333333 0.0206060606
0 0.0357575758 0.6181818182 0.0142424242 0.0173737374
0 0.0318181818 0.5983838384 0.0175757576 0.0121212121
0 0.0142424242 0.5717171717 0.0145454545 0.0242424242
0 0.0312121212 0.5353535354 0.0196969697 0.0185858586
0 0.0633333333 0.5014141414 0.0169696970 0.0165656566
0 0.0860606061 0.5482828283 0.0151515152 0.0169696970
0 0.0915151515 0.5717171717 0.0145454545 0.0202020202
0 0.0863636364 0.5878787879 0.0136363636 0.0189898990
0 0.0981818182 0.6004040404 0.0121212121 0.0193939394
0 0.1093939394 0.6109090909 0.0118181818 0.0214141414
0 0.0657575758 0.6024242424 0.0193939394 0.0359595960
0 0.1193939394 0.5898989899 0.0151515152 0.0189898990
0 0.1127272727 0.5612121212 0.0112121212 0.0234343434
0 0.0996969697 0.5305050505 0.0157575758 0.0254545455
0 0.0990909091 0.4860606061 0.0096969697 0.0161616162
0 0.0933333333 0.4416161616 0.0148484848 0.0307070707
0 0.1215151515 0.4404040404 0.0093939394 0.0210101010
0 0.1281818182 0.5022222222 0.0218181818 0.0214141414
0 0.1515151515 0.5567676768 0.0215151515 0.0282828283
0 0.1648484848 0.5955555556 0.0136363636 0.0161616162
0 0.1781818182 0.6088888889 0.0109090909 0.0214141414
0 0.3257575758 0.6024242424 0.0221212121 0.0230303030
0 0.3330303030 0.5814141414 0.0181818182 0.0153535354
0 0.3487878788 0.5713131313 0.0139393939 0.0161616162
0 0.3600000000 0.5555555556 0.0100000000 0.0282828283
0 0.3466666667 0.5216161616 0.0172727273 0.0246464646
0 0.3045454545 0.5353535354 0.0157575758 0.0141414141
0 0.2869696970 0.5555555556 0.0227272727 0.0298989899
0 0.2966666667 0.6068686869 0.0163636364 0.0145454545
0 0.2196969697 0.5874747475 0.0181818182 0.0157575758
0 0.2184848485 0.5600000000 0.0215151515 0.0181818182
0 0.2306060606 0.5462626263 0.0175757576 0.0109090909
0 0.1324242424 0.5535353535 0.0154545455 0.0153535354
0 0.1881818182 0.4501010101 0.0187878788 0.0165656566
0 0.1672727273 0.4404040404 0.0257575758 0.0246464646
0 0.2175757576 0.4787878788 0.0196969697 0.0173737374
0 0.2578787879 0.5171717172 0.0145454545 0.0189898990
0 0.2945454545 0.4892929293 0.0096969697 0.0210101010
0 0.3127272727 0.5034343434 0.0151515152 0.0197979798
0 0.3142424242 0.4832323232 0.0106060606 0.0214141414
0 0.3506060606 0.4727272727 0.0115151515 0.0234343434
0 0.3154545455 0.4480808081 0.0245454545 0.0165656566
0 0.2960606061 0.4315151515 0.0178787879 0.0197979798
0 0.2715151515 0.4597979798 0.0200000000 0.0141414141
0 0.2621212121 0.4416161616 0.0136363636 0.0238383838
0 0.2760606061 0.4408080808 0.0124242424 0.0250505051
0 0.2472727273 0.4488888889 0.0142424242 0.0165656566
0 0.2212121212 0.4464646465 0.0184848485 0.0137373737
0 0.2163636364 0.4238383838 0.0157575758 0.0161616162
0 0.1993939394 0.3765656566 0.0200000000 0.0161616162
0 0.1896969697 0.3604040404 0.0100000000 0.0210101010
0 0.2454545455 0.3490909091 0.0209090909 0.0193939394
0 0.2866666667 0.3830303030 0.0163636364 0.0210101010
0 0.2912121212 0.4153535354 0.0118181818 0.0149494949
0 0.3175757576 0.4286868687 0.0169696970 0.0189898990
0 0.3248484848 0.4068686869 0.0145454545 0.0181818182
0 0.1530303030 0.3608080808 0.0145454545 0.0121212121
0 0.1021212121 0.3482828283 0.0272727273 0.0246464646
0 0.1239393939 0.5353535354 0.0115151515 0.0230303030
0 0.1121212121 0.4779797980 0.0124242424 0.0234343434
0 0.1330303030 0.4703030303 0.0184848485 0.0206060606
0 0.2272727273 0.2282828283 0.0212121212 0.0177777778
0 0.2345454545 0.2565656566 0.0245454545 0.0226262626
0 0.2866666667 0.2739393939 0.0151515152 0.0242424242
0 0.2900000000 0.3086868687 0.0178787879 0.0266666667
0 0.3433333333 0.3131313131 0.0148484848 0.0185858586
0 0.3254545455 0.2509090909 0.0363636364 0.0311111111
0 0.3336363636 0.2210101010 0.0175757576 0.0173737374
0 0.3121212121 0.2117171717 0.0224242424 0.0218181818
0 0.3306060606 0.1870707071 0.0100000000 0.0319191919
0 0.3072727273 0.1765656566 0.0160606061 0.0242424242
0 0.2572727273 0.1850505051 0.0160606061 0.0387878788
0 0.2724242424 0.2157575758 0.0142424242 0.0165656566
0 0.2145454545 0.1919191919 0.0293939394 0.0278787879
0 0.1939393939 0.1434343434 0.0166666667 0.0181818182
0 0.1472727273 0.2230303030 0.0145454545 0.0226262626
0 0.1778787879 0.2557575758 0.0181818182 0.0157575758
0 0.1360606061 0.2715151515 0.0157575758 0.0226262626
0 0.1375757576 0.3062626263 0.0121212121 0.0262626263
0 0.1254545455 0.2101010101 0.0136363636 0.0246464646
0 0.1057575758 0.2129292929 0.0121212121 0.0262626263
0 0.1060606061 0.1749494949 0.0148484848 0.0177777778
0 0.0969696970 0.1329292929 0.0172727273 0.0169696970
0 0.1351515152 0.1333333333 0.0151515152 0.0129292929
0 0.0839393939 0.1822222222 0.0130303030 0.0238383838
0 0.0693939394 0.1886868687 0.0133333333 0.0230303030
0 0.0772727273 0.2145454545 0.0145454545 0.0202020202
0 0.0772727273 0.2577777778 0.0136363636 0.0270707071
0 0.1166666667 0.0771717172 0.0133333333 0.0145454545
0 0.1045454545 0.0379797980 0.0254545455 0.0250505051
0 0.0566666667 0.0812121212 0.0236363636 0.0428282828
0 0.0436363636 0.0335353535 0.0136363636 0.0270707071
0 0.0639393939 0.0181818182 0.0127272727 0.0238383838
0 0.2006060606 0.0658585859 0.0245454545 0.0218181818
0 0.1903030303 0.0456565657 0.0175757576 0.0133333333
0 0.1809090909 0.0137373737 0.0124242424 0.0274747475
0 0.2615151515 0.0698989899 0.0187878788 0.0218181818
0 0.2606060606 0.0173737374 0.0112121212 0.0286868687
0 0.2393939394 0.0278787879 0.0133333333 0.0165656566
0 0.2348484848 0.0092929293 0.0148484848 0.0153535354
0 0.2857575758 0.1058585859 0.0175757576 0.0197979798
0 0.3096969697 0.1224242424 0.0136363636 0.0197979798
0 0.3451515152 0.0909090909 0.0145454545 0.0181818182
0 0.3363636364 0.0690909091 0.0154545455 0.0129292929
0 0.3312121212 0.0173737374 0.0121212121 0.0258585859
0 0.3175757576 0.0371717172 0.0109090909 0.0258585859
0 0.3193939394 0.0751515152 0.0166666667 0.0173737374
0 0.3509090909 0.4492929293 0.0136363636 0.0202020202
0 0.1742424242 0.5070707071 0.0103030303 0.0169696970
0 0.0124242424 0.1987878788 0.0154545455 0.0278787879
0 0.0339393939 0.2210101010 0.0181818182 0.0258585859
0 0.0160606061 0.2452525253 0.0178787879 0.0254545455
0 0.0642424242 0.2989898990 0.0157575758 0.0197979798
0 0.2093939394 0.2993939394 0.0142424242 0.0189898990
0 0.2254545455 0.3717171717 0.0133333333 0.0242424242
0 0.2300000000 0.1159595960 0.0160606061 0.0210101010
0 0.0200000000 0.0432323232 0.0187878788 0.0230303030
0 0.2315151515 0.3931313131 0.0115151515 0.0274747475
0 0.2457575758 0.4278787879 0.0136363636 0.0153535354
0 0.4863636364 0.9680808081 0.0196969697 0.0210101010
0 0.2278787879 0.9709090909 0.0248484848 0.0193939394
0 0.1487878788 0.9854545455 0.0375757576 0.0246464646
0 0.2578787879 0.4864646465 0.0112121212 0.0197979798
0 0.5006060606 0.6060606061 0.0187878788 0.0258585859
0 0.8790909091 0.8812121212 0.0133333333 0.0129292929
0 0.8921212121 0.8711111111 0.0118181818 0.0161616162
0 0.9224242424 0.7753535354 0.0124242424 0.0157575758
0 0.8406060606 0.8121212121 0.0178787879 0.0238383838
0 0.6257575758 0.7240404040 0.0148484848 0.0202020202
0 0.8566666667 0.7111111111 0.0127272727 0.0230303030
0 0.8748484848 0.6876767677 0.0175757576 0.0197979798
0 0.8236363636 0.4682828283 0.0127272727 0.0355555556
0 0.7209090909 0.4448484848 0.0133333333 0.0202020202
0 0.7181818182 0.3898989899 0.0130303030 0.0218181818
0 0.3569696970 0.3692929293 0.0151515152 0.0266666667
0 0.2651515152 0.3765656566 0.0157575758 0.0218181818
0 0.0351515152 0.3527272727 0.0145454545 0.0189898990
0 0.0427272727 0.3010101010 0.0106060606 0.0197979798
