0 0.4200736648 0.0766020864 0.0379373849 0.0345752608
0 0.4729281768 0.0779433681 0.0372007366 0.0302533532
0 0.2208103131 0.1843517139 0.0333333333 0.0233979136
0 0.3119705341 0.1770491803 0.0252302026 0.0284649776
0 0.5506445672 0.1736214605 0.0394106814 0.0293591654
0 0.6615101289 0.1700447094 0.0425414365 0.0287630402
0 0.7298342541 0.2017883756 0.0300184162 0.0290611028
0 0.7655616943 0.1886736215 0.0351749540 0.0251862891
0 0.8235727440 0.1891207154 0.0394106814 0.0229508197
0 0.2434622468 0.2362146051 0.0373848987 0.0248882265
0 0.3681399632 0.2393442623 0.0353591160 0.0259314456
0 0.6685082873 0.2843517139 0.0423572744 0.0195230999
0 0.7283609576 0.2974664680 0.0353591160 0.0216095380
0 0.8233885820 0.2760059613 0.0436464088 0.0180327869
0 0.1828729282 0.3043219076 0.0228360958 0.0178837556
0 0.1677716390 0.3353204173 0.0243093923 0.0168405365
0 0.2976058932 0.3028315946 0.0318600368 0.0245901639
0 0.3716390424 0.3147540984 0.0372007366 0.0277198212
0 0.7248618785 0.3645305514 0.0364640884 0.0190760060
0 0.1609576427 0.3897168405 0.0303867403 0.0208643815
0 0.2025782689 0.4208643815 0.0267034991 0.0324888227
0 0.2987108656 0.4147540984 0.0254143646 0.0286140089
0 0.2709023941 0.3968703428 0.0198895028 0.0253353204
0 0.4222836096 0.3797317437 0.0314917127 0.0266766021
0 0.5359116022 0.3792846498 0.0465930018 0.0239940387
0 0.7272559853 0.4135618480 0.0412523020 0.0318926975
0 0.3036832413 0.4886736215 0.0283609576 0.0238450075
0 0.3699815838 0.4643815201 0.0335174954 0.0248882265
0 0.2631675875 0.5268256334 0.0226519337 0.0178837556
0 0.2876611418 0.5436661699 0.0226519337 0.0132637854
0 0.2727440147 0.5536512668 0.0246777164 0.0172876304
0 0.2819521179 0.5041728763 0.0270718232 0.0178837556
0 0.3742173112 0.5561847988 0.0268876611 0.0247391952
0 0.4611418048 0.5055141580 0.0213627993 0.0287630402
0 0.4784530387 0.5426229508 0.0314917127 0.0286140089
0 0.4368324125 0.5385991058 0.0261510129 0.0251862891
0 0.7703499079 0.5198211624 0.0351749540 0.0187779434
0 0.7836095764 0.5611028316 0.0302025783 0.0302533532
0 0.2237569061 0.5907600596 0.0211786372 0.0184798808
0 0.2791896869 0.5818181818 0.0197053407 0.0293591654
0 0.2574585635 0.6010432191 0.0152854512 0.0137108793
0 0.3003683241 0.6330849478 0.0318600368 0.0405365127
0 0.3003683241 0.5684053651 0.0252302026 0.0268256334
0 0.3966850829 0.6326378539 0.0224677716 0.0305514158
0 0.4191528545 0.5915052161 0.0198895028 0.0268256334
0 0.4394106814 0.6080476900 0.0279926335 0.0186289121
0 0.4883977901 0.6074515648 0.0254143646 0.0248882265
0 0.4808471455 0.5773472429 0.0254143646 0.0277198212
0 0.4598526703 0.6248882265 0.0364640884 0.0160953800
0 0.8534069982 0.5701937407 0.0250460405 0.0214605067
0 0.2057090239 0.6345752608 0.0220994475 0.0345752608
0 0.2714548803 0.6365126677 0.0226519337 0.0230998510
0 0.4300184162 0.6931445604 0.0346224678 0.0305514158
0 0.4561694291 0.6517138599 0.0211786372 0.0284649776
0 0.4821362799 0.6569299553 0.0246777164 0.0239940387
0 0.4836095764 0.6862891207 0.0296500921 0.0241430700
0 0.5445672192 0.6874813711 0.0160220994 0.0245901639
0 0.5248618785 0.6819672131 0.0211786372 0.0284649776
0 0.2386740331 0.7029806259 0.0173112339 0.0154992548
0 0.2659300184 0.7228017884 0.0228360958 0.0242921013
0 0.5086556169 0.7078986587 0.0241252302 0.0204172876
0 0.5548802947 0.7266766021 0.0222836096 0.0286140089
0 0.5057090239 0.7439642325 0.0248618785 0.0286140089
0 0.5222836096 0.7298062593 0.0268876611 0.0225037258
0 0.5646408840 0.7591654247 0.0300184162 0.0298062593
0 0.7559852670 0.7035767511 0.0340699816 0.0239940387
0 0.7775322284 0.7254843517 0.0267034991 0.0312965723
0 0.5047882136 0.8163934426 0.0296500921 0.0190760060
0 0.6193370166 0.8196721311 0.0208103131 0.0175856930
0 0.4961325967 0.8859910581 0.0191528545 0.0239940387
0 0.5331491713 0.8438152012 0.0220994475 0.0257824143
0 0.7307550645 0.8706408346 0.0309392265 0.0229508197
0 0.7171270718 0.8479880775 0.0331491713 0.0220566319
0 0.4825046041 0.9256333830 0.0171270718 0.0226527571
0 0.7394106814 0.9205663189 0.0244935543 0.0265275708
0 0.2736648250 0.7852459016 0.0191528545 0.0166915052
0 0.2745856354 0.7530551416 0.0160220994 0.0211624441
