0 0.3390275953 0.9117043121 0.0486202365 0.0246406571
0 0.3745072273 0.9589322382 0.0499342970 0.0277207392
0 0.4270696452 0.9743326489 0.0394218134 0.0359342916
0 0.5965834428 0.8583162218 0.0394218134 0.0328542094
0 0.2325886991 0.7381930185 0.0433639947 0.0236139630
0 0.2063074901 0.6796714579 0.0302233903 0.0225872690
0 0.1773981603 0.6242299795 0.0289093298 0.0287474333
0 0.8633377135 0.4794661191 0.0394218134 0.0482546201
0 0.9316688568 0.5010266940 0.0367936925 0.0236139630
0 0.9618922470 0.3798767967 0.0328515112 0.0451745380
0 0.8830486202 0.4168377823 0.0315374507 0.0359342916
0 0.8541392904 0.2926078029 0.0525624179 0.0369609856
0 0.8672798949 0.1806981520 0.0420499343 0.0369609856
0 0.8265440210 0.1632443532 0.0249671485 0.0328542094
0 0.8147174770 0.1334702259 0.0341655716 0.0308008214
0 0.8173455979 0.0944558522 0.0394218134 0.0462012320
0 0.7240473062 0.0677618070 0.0591327201 0.0400410678
0 0.6478318003 0.1334702259 0.0538764783 0.0574948665
0 0.3455978975 0.1047227926 0.0486202365 0.0318275154
0 0.5229960578 0.1529774127 0.0433639947 0.0308008214
0 0.3166885677 0.5451745380 0.0367936925 0.0287474333
0 0.3219448095 0.7043121150 0.0459921156 0.0277207392
0 0.3547963206 0.8008213552 0.0446780552 0.0318275154
0 0.4060975610 0.8620952381 0.0248780488 0.0224761905
