0 0.4492550000 0.0561930000 0.0240830000 0.0252290000
0 0.0484520000 0.1536700000 0.0172020000 0.0321100000
0 0.2006880000 0.2327980000 0.0154820000 0.0206420000
0 0.4268920000 0.2167430000 0.0240830000 0.0252290000
0 0.5481666667 0.2260000000 0.0161666667 0.0226666667
0 0.6008333333 0.2215555556 0.0141666667 0.0126666667
0 0.6316666667 0.2022222222 0.0133333333 0.0162222222
0 0.5961666667 0.2115555556 0.0073333333 0.0171111111
0 0.5871666667 0.2253333333 0.0093333333 0.0168888889
0 0.5711666667 0.2120000000 0.0128333333 0.0175555556
0 0.5791666667 0.2273333333 0.0095000000 0.0168888889
0 0.6593333333 0.1944444444 0.0185000000 0.0082222222
0 0.6606666667 0.2122222222 0.0120000000 0.0184444444
0 0.6850000000 0.2202222222 0.0098333333 0.0182222222
0 0.6891666667 0.1940000000 0.0058333333 0.0148888889
0 0.6980000000 0.1886666667 0.0123333333 0.0233333333
0 0.6986666667 0.2246666667 0.0150000000 0.0155555556
0 0.6721666667 0.2015555556 0.0173333333 0.0086666667
0 0.6648333333 0.1871111111 0.0138333333 0.0160000000
0 0.6963333333 0.1731111111 0.0216666667 0.0142222222
0 0.6735000000 0.2297777778 0.0118333333 0.0131111111
0 0.6653333333 0.1715555556 0.0170000000 0.0088888889
0 0.6535000000 0.1817777778 0.0103333333 0.0182222222
0 0.6436666667 0.1966666667 0.0070000000 0.0228888889
0 0.6616666667 0.2324444444 0.0106666667 0.0135555556
0 0.6476666667 0.2213333333 0.0126666667 0.0182222222
0 0.6781666667 0.2222222222 0.0106666667 0.0162222222
0 0.7065000000 0.2120000000 0.0141666667 0.0128888889
0 0.7575970000 0.2128990000 0.0162460000 0.0248470000
0 0.7226666667 0.2244444444 0.0136666667 0.0068888889
0 0.7376666667 0.2220000000 0.0108333333 0.0164444444
0 0.7296666667 0.2088888889 0.0161666667 0.0140000000
0 0.7213333333 0.2053333333 0.0123333333 0.0113333333
0 0.7241666667 0.1924444444 0.0140000000 0.0195555556
0 0.4911666667 0.2753333333 0.0130000000 0.0142222222
0 0.5500000000 0.2660000000 0.0125000000 0.0148888889
0 0.5073333333 0.2986666667 0.0133333333 0.0211111111
0 0.5520000000 0.2846666667 0.0138333333 0.0180000000
0 0.5618333333 0.2844444444 0.0061666667 0.0224444444
0 0.5646666667 0.2340000000 0.0193333333 0.0168888889
0 0.5116666667 0.2586666667 0.0105000000 0.0144444444
0 0.5021666667 0.2653333333 0.0140000000 0.0120000000
0 0.5340000000 0.2702222222 0.0120000000 0.0106666667
0 0.5165000000 0.2795555556 0.0188333333 0.0168888889
0 0.6241666667 0.2833333333 0.0111666667 0.0164444444
0 0.5750000000 0.2822222222 0.0160000000 0.0144444444
0 0.6146666667 0.2568888889 0.0091666667 0.0191111111
0 0.5770000000 0.2664444444 0.0176666667 0.0153333333
0 0.5690000000 0.2582222222 0.0168333333 0.0164444444
0 0.5853333333 0.2460000000 0.0156666667 0.0137777778
0 0.6255000000 0.2522222222 0.0091666667 0.0220000000
0 0.6063333333 0.2355555556 0.0135000000 0.0233333333
0 0.6063333333 0.2642222222 0.0091666667 0.0155555556
0 0.6096666667 0.2804444444 0.0128333333 0.0142222222
0 0.6225000000 0.2731111111 0.0136666667 0.0162222222
0 0.6325000000 0.2891111111 0.0138333333 0.0142222222
0 0.6155000000 0.2942222222 0.0113333333 0.0157777778
0 0.5958333333 0.2717777778 0.0113333333 0.0240000000
0 0.5853333333 0.2942222222 0.0181666667 0.0097777778
0 0.5910000000 0.2348888889 0.0146666667 0.0120000000
0 0.6215000000 0.2375555556 0.0151666667 0.0124444444
0 0.6531666667 0.2544444444 0.0135000000 0.0086666667
0 0.6796666667 0.2433333333 0.0113333333 0.0157777778
0 0.6941666667 0.2384444444 0.0153333333 0.0100000000
0 0.6993333333 0.2962222222 0.0126666667 0.0124444444
0 0.6911666667 0.2740000000 0.0111666667 0.0151111111
0 0.6885000000 0.2555555556 0.0130000000 0.0175555556
0 0.6790000000 0.2684444444 0.0070000000 0.0233333333
0 0.6711666667 0.2713333333 0.0088333333 0.0235555556
0 0.6350000000 0.2442222222 0.0145000000 0.0115555556
0 0.6640000000 0.2468888889 0.0061666667 0.0195555556
0 0.6510000000 0.2455555556 0.0090000000 0.0144444444
0 0.6580000000 0.2824444444 0.0173333333 0.0140000000
0 0.6375000000 0.2604444444 0.0131666667 0.0126666667
0 0.6395000000 0.2335555556 0.0165000000 0.0188888889
0 0.6378333333 0.2746666667 0.0118333333 0.0126666667
0 0.6626666667 0.2991111111 0.0098333333 0.0142222222
0 0.6583333333 0.2677777778 0.0150000000 0.0155555556
0 0.7328333333 0.2506666667 0.0066666667 0.0213333333
0 0.7505000000 0.2955555556 0.0145000000 0.0071111111
0 0.7388333333 0.2593333333 0.0083333333 0.0382222222
0 0.7025000000 0.2437777778 0.0116666667 0.0106666667
0 0.7110000000 0.2433333333 0.0065000000 0.0191111111
0 0.7226666667 0.2368888889 0.0118333333 0.0131111111
0 0.7103333333 0.2717777778 0.0110000000 0.0151111111
0 0.7185000000 0.2704444444 0.0061666667 0.0208888889
0 0.7270000000 0.2591111111 0.0110000000 0.0151111111
0 0.7133333333 0.2835555556 0.0071666667 0.0131111111
0 0.7250000000 0.2906666667 0.0126666667 0.0168888889
0 0.7051666667 0.2868888889 0.0120000000 0.0108888889
0 0.7538333333 0.2826666667 0.0145000000 0.0088888889
0 0.7603333333 0.2682222222 0.0125000000 0.0111111111
0 0.7586666667 0.2582222222 0.0120000000 0.0093333333
0 0.7395000000 0.2866666667 0.0131666667 0.0168888889
0 0.7481666667 0.2506666667 0.0091666667 0.0157777778
0 0.7760000000 0.2977777778 0.0105000000 0.0206666667
0 0.1009170000 0.3451830000 0.0223620000 0.0298170000
0 0.2574540000 0.3612390000 0.0189220000 0.0298170000
0 0.4218333333 0.3546666667 0.0113333333 0.0180000000
0 0.4913333333 0.3400000000 0.0160000000 0.0180000000
0 0.4891666667 0.3195555556 0.0155000000 0.0104444444
0 0.4400000000 0.3571111111 0.0096666667 0.0193333333
0 0.4335000000 0.3448888889 0.0108333333 0.0200000000
0 0.4575000000 0.3220000000 0.0163333333 0.0140000000
0 0.4773333333 0.3424444444 0.0136666667 0.0135555556
0 0.4548930000 0.3489210000 0.0157680000 0.0216620000
0 0.4908333333 0.3653333333 0.0178333333 0.0122222222
0 0.5343333333 0.3162222222 0.0130000000 0.0304444444
0 0.5138333333 0.3511111111 0.0176666667 0.0102222222
0 0.5625000000 0.3244444444 0.0163333333 0.0077777778
0 0.5571666667 0.3082222222 0.0113333333 0.0202222222
0 0.5388333333 0.3520000000 0.0140000000 0.0151111111
0 0.5270000000 0.3560000000 0.0125000000 0.0160000000
0 0.5080000000 0.3408888889 0.0140000000 0.0075555556
0 0.5031666667 0.3582222222 0.0151666667 0.0082222222
0 0.5043333333 0.3177777778 0.0168333333 0.0126666667
0 0.5168333333 0.3144444444 0.0150000000 0.0140000000
0 0.5605000000 0.3426666667 0.0073333333 0.0222222222
0 0.5495000000 0.3408888889 0.0120000000 0.0211111111
0 0.5255000000 0.3022222222 0.0076666667 0.0226666667
0 0.6151666667 0.3215555556 0.0191666667 0.0180000000
0 0.5673333333 0.3651111111 0.0138333333 0.0095555556
0 0.5871666667 0.3133333333 0.0156666667 0.0151111111
0 0.5713333333 0.3142222222 0.0151666667 0.0104444444
0 0.6331666667 0.3553333333 0.0085000000 0.0208888889
0 0.5718333333 0.3006666667 0.0161666667 0.0086666667
0 0.6213333333 0.3535555556 0.0155000000 0.0184444444
0 0.6055000000 0.3424444444 0.0125000000 0.0182222222
0 0.6295000000 0.3040000000 0.0073333333 0.0182222222
0 0.6035000000 0.3535555556 0.0105000000 0.0157777778
0 0.5946666667 0.3428888889 0.0086666667 0.0144444444
0 0.5688333333 0.3433333333 0.0106666667 0.0151111111
0 0.5808333333 0.3422222222 0.0135000000 0.0104444444
0 0.5860000000 0.3511111111 0.0170000000 0.0084444444
0 0.5923333333 0.3628888889 0.0140000000 0.0126666667
0 0.5781666667 0.3617777778 0.0145000000 0.0175555556
0 0.6156666667 0.3064444444 0.0161666667 0.0095555556
0 0.6705000000 0.3175555556 0.0086666667 0.0164444444
0 0.6743333333 0.3048888889 0.0146666667 0.0153333333
0 0.6620000000 0.3184444444 0.0086666667 0.0220000000
0 0.6473333333 0.3215555556 0.0120000000 0.0282222222
0 0.6705000000 0.3346666667 0.0150000000 0.0166666667
0 0.6570000000 0.3640000000 0.0186666667 0.0086666667
0 0.6365000000 0.3051111111 0.0105000000 0.0197777778
0 0.6885000000 0.3608888889 0.0158333333 0.0171111111
0 0.6568333333 0.3420000000 0.0100000000 0.0200000000
0 0.7563333333 0.3253333333 0.0088333333 0.0180000000
0 0.7050000000 0.3540000000 0.0120000000 0.0082222222
0 0.7053333333 0.3617777778 0.0141666667 0.0071111111
0 0.7235000000 0.3442222222 0.0141666667 0.0240000000
0 0.7068333333 0.3386666667 0.0110000000 0.0215555556
0 0.7595000000 0.3475555556 0.0096666667 0.0186666667
0 0.7508333333 0.3040000000 0.0173333333 0.0084444444
0 0.7078333333 0.3155555556 0.0076666667 0.0148888889
0 0.7106666667 0.3004444444 0.0100000000 0.0148888889
0 0.7415000000 0.3137777778 0.0158333333 0.0088888889
0 0.7746666667 0.3171111111 0.0163333333 0.0117777778
0 0.2806770000 0.4082570000 0.0550460000 0.0229360000
0 0.4211666667 0.3771111111 0.0170000000 0.0120000000
0 0.4153130000 0.4027570000 0.0191130000 0.0146530000
0 0.4090000000 0.3786666667 0.0078333333 0.0226666667
0 0.4278333333 0.3680000000 0.0136666667 0.0133333333
0 0.4443333333 0.3731111111 0.0143333333 0.0175555556
0 0.4451770000 0.3951110000 0.0176800000 0.0146530000
0 0.4363370000 0.4148620000 0.0133790000 0.0248470000
0 0.4758333333 0.4260000000 0.0093333333 0.0220000000
0 0.4840000000 0.3742222222 0.0103333333 0.0197777778
0 0.4846666667 0.4204444444 0.0140000000 0.0126666667
0 0.4655000000 0.3708888889 0.0150000000 0.0211111111
0 0.4693333333 0.3953333333 0.0151666667 0.0202222222
0 0.4813333333 0.3942222222 0.0078333333 0.0215555556
0 0.4950000000 0.3800000000 0.0075000000 0.0162222222
0 0.5235000000 0.3762222222 0.0078333333 0.0186666667
0 0.5055000000 0.3960000000 0.0123333333 0.0228888889
0 0.5581666667 0.3946666667 0.0173333333 0.0093333333
0 0.5501666667 0.3822222222 0.0138333333 0.0131111111
0 0.5405000000 0.3886666667 0.0073333333 0.0171111111
0 0.5015000000 0.4140000000 0.0170000000 0.0135555556
0 0.5545000000 0.3693333333 0.0173333333 0.0215555556
0 0.5331666667 0.4037777778 0.0163333333 0.0097777778
0 0.5063333333 0.4302222222 0.0181666667 0.0084444444
0 0.5116666667 0.3666666667 0.0143333333 0.0175555556
0 0.5406666667 0.4233333333 0.0168333333 0.0106666667
0 0.5906666667 0.3820000000 0.0101666667 0.0231111111
0 0.5863333333 0.4333333333 0.0070000000 0.0204444444
0 0.6153333333 0.4302222222 0.0061666667 0.0251111111
0 0.5780000000 0.4100000000 0.0131666667 0.0193333333
0 0.5978333333 0.4186666667 0.0170000000 0.0146666667
0 0.6268333333 0.3911111111 0.0065000000 0.0202222222
0 0.6115000000 0.3764444444 0.0145000000 0.0180000000
0 0.6223333333 0.3704444444 0.0118333333 0.0155555556
0 0.6313333333 0.4084444444 0.0081666667 0.0195555556
0 0.5738333333 0.4297777778 0.0118333333 0.0195555556
0 0.6176666667 0.4015555556 0.0128333333 0.0166666667
0 0.6515000000 0.4195555556 0.0130000000 0.0213333333
0 0.6873333333 0.3917777778 0.0075000000 0.0177777778
0 0.6655000000 0.3753333333 0.0150000000 0.0082222222
0 0.6670000000 0.3668888889 0.0156666667 0.0084444444
0 0.6988333333 0.3948888889 0.0140000000 0.0213333333
0 0.6761666667 0.3975555556 0.0136666667 0.0184444444
0 0.6715000000 0.4160000000 0.0088333333 0.0208888889
0 0.6400000000 0.3780000000 0.0140000000 0.0122222222
0 0.6578333333 0.4060000000 0.0135000000 0.0153333333
0 0.6518333333 0.3935555556 0.0048333333 0.0182222222
0 0.6428333333 0.3973333333 0.0146666667 0.0093333333
0 0.6418333333 0.4062222222 0.0146666667 0.0080000000
0 0.6378333333 0.4255555556 0.0161666667 0.0102222222
0 0.6821666667 0.4124444444 0.0106666667 0.0171111111
0 0.6905000000 0.4128888889 0.0125000000 0.0148888889
0 0.6921666667 0.4224444444 0.0165000000 0.0184444444
0 0.6715000000 0.4324444444 0.0113333333 0.0111111111
0 0.7340000000 0.4044444444 0.0095000000 0.0162222222
0 0.7305000000 0.3677777778 0.0065000000 0.0211111111
0 0.7166666667 0.3937777778 0.0095000000 0.0208888889
0 0.7213333333 0.3691111111 0.0125000000 0.0106666667
0 0.7465280000 0.4043490000 0.0090790000 0.0395010000
0 0.7271666667 0.4055555556 0.0103333333 0.0177777778
0 0.7080000000 0.3760000000 0.0120000000 0.0086666667
0 0.7053333333 0.3688888889 0.0140000000 0.0082222222
0 0.7094960000 0.4228250000 0.0086010000 0.0216620000
0 0.7240000000 0.3848888889 0.0105000000 0.0153333333
0 0.7335000000 0.3902222222 0.0078333333 0.0157777778
0 0.3116400000 0.4472480000 0.0137610000 0.0229360000
0 0.4226666667 0.4708888889 0.0148333333 0.0186666667
0 0.4173333333 0.4546666667 0.0128333333 0.0117777778
0 0.3841666667 0.4364444444 0.0135000000 0.0208888889
0 0.4169850000 0.4387530000 0.0148130000 0.0127420000
0 0.4325000000 0.4551111111 0.0153333333 0.0146666667
0 0.4091666667 0.4613333333 0.0143333333 0.0206666667
0 0.4978333333 0.4386666667 0.0201666667 0.0184444444
0 0.4558333333 0.4913333333 0.0105000000 0.0217777778
0 0.4488333333 0.4875555556 0.0128333333 0.0160000000
0 0.4876666667 0.4626666667 0.0098333333 0.0202222222
0 0.4763333333 0.4735555556 0.0150000000 0.0151111111
0 0.4718333333 0.4908888889 0.0130000000 0.0180000000
0 0.4651666667 0.4573333333 0.0101666667 0.0215555556
0 0.5328333333 0.4702222222 0.0163333333 0.0091111111
0 0.5555000000 0.4608888889 0.0083333333 0.0226666667
0 0.5253333333 0.4615555556 0.0136666667 0.0124444444
0 0.5516666667 0.4786666667 0.0161666667 0.0117777778
0 0.5325000000 0.4517777778 0.0163333333 0.0093333333
0 0.5326666667 0.4820000000 0.0175000000 0.0126666667
0 0.5203333333 0.4417777778 0.0170000000 0.0202222222
0 0.5620000000 0.4340000000 0.0101666667 0.0180000000
0 0.5003660000 0.4581850000 0.0095570000 0.0222990000
0 0.6280000000 0.4371111111 0.0068333333 0.0220000000
0 0.5691666667 0.4533333333 0.0123333333 0.0195555556
0 0.5921666667 0.4466666667 0.0060000000 0.0213333333
0 0.5951360000 0.4975790000 0.0105120000 0.0165650000
0 0.6003333333 0.4366666667 0.0098333333 0.0213333333
0 0.5990000000 0.4664444444 0.0153333333 0.0146666667
0 0.5815000000 0.4537777778 0.0113333333 0.0155555556
0 0.5763333333 0.4720000000 0.0195000000 0.0111111111
0 0.6273333333 0.4691111111 0.0103333333 0.0144444444
0 0.6220000000 0.4537777778 0.0140000000 0.0126666667
0 0.5885000000 0.4688888889 0.0125000000 0.0168888889
0 0.6923333333 0.4644444444 0.0155000000 0.0120000000
0 0.6465000000 0.4424444444 0.0135000000 0.0195555556
0 0.6601666667 0.4453333333 0.0110000000 0.0171111111
0 0.6605000000 0.4631111111 0.0075000000 0.0124444444
0 0.6818333333 0.4931111111 0.0165000000 0.0151111111
0 0.6951666667 0.4480000000 0.0165000000 0.0115555556
0 0.7155000000 0.4453333333 0.0170000000 0.0093333333
0 0.7193333333 0.4606666667 0.0155000000 0.0222222222
0 0.7221590000 0.4342930000 0.0195910000 0.0114680000
0 0.7045000000 0.4628888889 0.0093333333 0.0146666667
0 0.7367320000 0.4565920000 0.0133790000 0.0178390000
0 0.7011666667 0.4995555556 0.0123333333 0.0222222222
0 0.4453333333 0.5253333333 0.0130000000 0.0193333333
0 0.4675000000 0.5602222222 0.0108333333 0.0204444444
0 0.4610000000 0.5444444444 0.0095000000 0.0195555556
0 0.4583333333 0.5151111111 0.0168333333 0.0166666667
0 0.4473333333 0.5455555556 0.0151666667 0.0186666667
0 0.4406666667 0.5642222222 0.0136666667 0.0095555556
0 0.4824480000 0.5132940000 0.0100340000 0.0242100000
0 0.4996500000 0.5206210000 0.0176800000 0.0172020000
0 0.4635000000 0.5288888889 0.0203333333 0.0168888889
0 0.4351666667 0.5522222222 0.0131666667 0.0133333333
0 0.5486666667 0.5586666667 0.0148333333 0.0137777778
0 0.5538333333 0.5244444444 0.0135000000 0.0186666667
0 0.5648333333 0.5311111111 0.0118333333 0.0235555556
0 0.5248333333 0.5428888889 0.0140000000 0.0166666667
0 0.5146666667 0.5544444444 0.0070000000 0.0215555556
0 0.5241666667 0.5657777778 0.0143333333 0.0206666667
0 0.5194790000 0.5050120000 0.0114680000 0.0229360000
0 0.5031666667 0.5575555556 0.0120000000 0.0188888889
0 0.5385930000 0.5132940000 0.0133790000 0.0127420000
0 0.5304700000 0.5279480000 0.0162460000 0.0114680000
0 0.6105860000 0.5001270000 0.0105120000 0.0165650000
0 0.5671666667 0.5533333333 0.0146666667 0.0211111111
0 0.6260000000 0.5071111111 0.0131666667 0.0197777778
0 0.5891666667 0.5624444444 0.0148333333 0.0155555556
0 0.5966666667 0.5548888889 0.0093333333 0.0171111111
0 0.6176666667 0.5577777778 0.0068333333 0.0228888889
0 0.6081666667 0.5562222222 0.0070000000 0.0208888889
0 0.6155000000 0.5371111111 0.0166666667 0.0213333333
0 0.5771666667 0.5566666667 0.0076666667 0.0164444444
0 0.6291666667 0.5553333333 0.0143333333 0.0171111111
0 0.6925000000 0.5302222222 0.0150000000 0.0091111111
0 0.6878333333 0.5106666667 0.0078333333 0.0206666667
0 0.6535000000 0.5153333333 0.0155000000 0.0117777778
0 0.6975000000 0.5622222222 0.0165000000 0.0215555556
0 0.6606666667 0.5591111111 0.0138333333 0.0137777778
0 0.6943333333 0.5440000000 0.0091666667 0.0157777778
0 0.6811666667 0.5484444444 0.0105000000 0.0104444444
0 0.6430000000 0.5004444444 0.0166666667 0.0108888889
0 0.6468333333 0.5286666667 0.0176666667 0.0120000000
0 0.6725000000 0.5637777778 0.0126666667 0.0140000000
0 0.6345000000 0.5197777778 0.0145000000 0.0133333333
0 0.6805000000 0.5313333333 0.0153333333 0.0188888889
0 0.7213333333 0.5148888889 0.0105000000 0.0195555556
0 0.7086666667 0.5462222222 0.0135000000 0.0244444444
0 0.7381666667 0.5124444444 0.0088333333 0.0182222222
0 0.7523333333 0.5408888889 0.0111666667 0.0197777778
0 0.7296450000 0.5555560000 0.0129010000 0.0216620000
0 0.7195000000 0.5373333333 0.0106666667 0.0193333333
0 0.7156666667 0.5013333333 0.0136666667 0.0146666667
0 0.7456666667 0.5506666667 0.0090000000 0.0195555556
0 0.7286666667 0.5000000000 0.0115000000 0.0228888889
0 0.4516666667 0.5828888889 0.0256666667 0.0222222222
0 0.4595120000 0.6177790000 0.0148130000 0.0191130000
0 0.4372930000 0.6196910000 0.0152910000 0.0178390000
0 0.4936666667 0.5864444444 0.0165000000 0.0128888889
0 0.4752800000 0.6200090000 0.0129010000 0.0235730000
0 0.5135070000 0.5980290000 0.0109900000 0.0229360000
0 0.5550000000 0.6286666667 0.0090000000 0.0213333333
0 0.5202760000 0.6176730000 0.0105120000 0.0222990000
0 0.5441666667 0.6262222222 0.0116666667 0.0193333333
0 0.5631666667 0.6095555556 0.0133333333 0.0157777778
0 0.5525000000 0.6033333333 0.0120000000 0.0195555556
0 0.5390000000 0.5971111111 0.0195000000 0.0164444444
0 0.5625000000 0.5871111111 0.0151666667 0.0108888889
0 0.5473333333 0.5784444444 0.0138333333 0.0188888889
0 0.5021666667 0.5760000000 0.0120000000 0.0175555556
0 0.5948333333 0.6153333333 0.0148333333 0.0111111111
0 0.5895000000 0.5802222222 0.0165000000 0.0104444444
0 0.5698333333 0.6217777778 0.0176666667 0.0124444444
0 0.6008333333 0.6271111111 0.0158333333 0.0097777778
0 0.6121666667 0.6153333333 0.0080000000 0.0246666667
0 0.6305000000 0.5906666667 0.0151666667 0.0082222222
0 0.6318333333 0.6033333333 0.0160000000 0.0151111111
0 0.6250000000 0.6146666667 0.0160000000 0.0091111111
0 0.6255000000 0.6293333333 0.0153333333 0.0166666667
0 0.5688333333 0.5933333333 0.0163333333 0.0151111111
0 0.5843333333 0.6088888889 0.0110000000 0.0217777778
0 0.5886666667 0.6317777778 0.0163333333 0.0071111111
0 0.6061666667 0.5782222222 0.0185000000 0.0093333333
0 0.5895000000 0.5924444444 0.0153333333 0.0142222222
0 0.6913333333 0.5773333333 0.0135000000 0.0160000000
0 0.6806666667 0.5891111111 0.0120000000 0.0315555556
0 0.6881666667 0.6184444444 0.0130000000 0.0175555556
0 0.6640000000 0.6133333333 0.0160000000 0.0162222222
0 0.6425000000 0.6253333333 0.0161666667 0.0135555556
0 0.6501666667 0.6048888889 0.0176666667 0.0117777778
0 0.6541666667 0.5835555556 0.0076666667 0.0215555556
0 0.6651666667 0.5762222222 0.0131666667 0.0191111111
0 0.6350000000 0.5748888889 0.0156666667 0.0193333333
0 0.6680000000 0.6040000000 0.0140000000 0.0184444444
0 0.7071666667 0.6102222222 0.0183333333 0.0106666667
0 0.7513333333 0.5702222222 0.0096666667 0.0151111111
0 0.7331666667 0.6148888889 0.0143333333 0.0088888889
0 0.7081666667 0.5935555556 0.0130000000 0.0104444444
0 0.7483333333 0.5808888889 0.0095000000 0.0182222222
0 0.7130000000 0.5806666667 0.0093333333 0.0124444444
0 0.7101666667 0.6211111111 0.0153333333 0.0104444444
0 0.7501666667 0.6031111111 0.0115000000 0.0146666667
0 0.7100000000 0.6302222222 0.0131666667 0.0088888889
0 0.7226666667 0.6257777778 0.0063333333 0.0195555556
0 0.7591666667 0.6200000000 0.0121666667 0.0128888889
0 0.7273333333 0.5820000000 0.0211666667 0.0242222222
0 0.7153333333 0.6035555556 0.0175000000 0.0124444444
0 0.4703333333 0.6551111111 0.0138333333 0.0117777778
0 0.4636666667 0.6633333333 0.0146666667 0.0151111111
0 0.4576666667 0.6804444444 0.0163333333 0.0088888889
0 0.4675000000 0.6862222222 0.0166666667 0.0108888889
0 0.4841666667 0.6482222222 0.0143333333 0.0182222222
0 0.4981666667 0.6500000000 0.0140000000 0.0115555556
0 0.4975000000 0.6391111111 0.0143333333 0.0106666667
0 0.4568333333 0.6448888889 0.0128333333 0.0184444444
0 0.4493333333 0.6575555556 0.0158333333 0.0108888889
0 0.4340000000 0.6520000000 0.0148333333 0.0182222222
0 0.4844390000 0.6708720000 0.0152910000 0.0140160000
0 0.4933333333 0.6973333333 0.0101666667 0.0182222222
0 0.5206666667 0.6900000000 0.0143333333 0.0102222222
0 0.5248333333 0.6444444444 0.0156666667 0.0133333333
0 0.5253333333 0.6335555556 0.0186666667 0.0084444444
0 0.5211666667 0.6615555556 0.0155000000 0.0140000000
0 0.5355000000 0.6531111111 0.0100000000 0.0168888889
0 0.5453333333 0.6533333333 0.0116666667 0.0186666667
0 0.5588333333 0.6502222222 0.0158333333 0.0171111111
0 0.5107190000 0.6437950000 0.0114680000 0.0184760000
0 0.5340000000 0.6942222222 0.0108333333 0.0142222222
0 0.5571666667 0.6768888889 0.0126666667 0.0222222222
0 0.5065000000 0.6931111111 0.0126666667 0.0208888889
0 0.5396666667 0.6786666667 0.0098333333 0.0195555556
0 0.5268333333 0.6753333333 0.0148333333 0.0131111111
0 0.5223333333 0.6824444444 0.0133333333 0.0097777778
0 0.5201666667 0.6993333333 0.0195000000 0.0082222222
0 0.5340000000 0.6631111111 0.0178333333 0.0080000000
0 0.6031666667 0.6895555556 0.0136666667 0.0171111111
0 0.6065240000 0.6441130000 0.0167240000 0.0178390000
0 0.5778333333 0.6484444444 0.0101666667 0.0140000000
0 0.5856666667 0.6422222222 0.0166666667 0.0106666667
0 0.5676666667 0.6784444444 0.0091666667 0.0188888889
0 0.5731666667 0.6884444444 0.0163333333 0.0140000000
0 0.5848333333 0.6931111111 0.0056666667 0.0213333333
0 0.6165000000 0.6768888889 0.0168333333 0.0208888889
0 0.6260000000 0.6942222222 0.0125000000 0.0153333333
0 0.6310000000 0.6826666667 0.0101666667 0.0206666667
0 0.6221666667 0.6384444444 0.0148333333 0.0084444444
0 0.6761666667 0.6351111111 0.0100000000 0.0226666667
0 0.6408333333 0.6820000000 0.0138333333 0.0120000000
0 0.6475000000 0.6717777778 0.0161666667 0.0151111111
0 0.6903333333 0.6784444444 0.0148333333 0.0144444444
0 0.6942060000 0.6578110000 0.0086010000 0.0172020000
0 0.6761666667 0.6737777778 0.0148333333 0.0173333333
0 0.6853333333 0.6928888889 0.0151666667 0.0137777778
0 0.6521570000 0.6476170000 0.0162460000 0.0235730000
0 0.6881666667 0.6391111111 0.0096666667 0.0175555556
0 0.6679250000 0.6565370000 0.0105120000 0.0235730000
0 0.7086666667 0.6431111111 0.0088333333 0.0173333333
0 0.7592700000 0.6683230000 0.0167240000 0.0140160000
0 0.7268333333 0.6984444444 0.0130000000 0.0213333333
0 0.7438333333 0.6417777778 0.0143333333 0.0257777778
0 0.7056666667 0.6548888889 0.0101666667 0.0100000000
0 0.7223333333 0.6437777778 0.0125000000 0.0168888889
0 0.7341666667 0.6840000000 0.0143333333 0.0113333333
0 0.7578333333 0.6884444444 0.0115000000 0.0193333333
0 0.7016666667 0.6853333333 0.0088333333 0.0197777778
0 0.7161666667 0.6511111111 0.0058333333 0.0184444444
0 0.7707380000 0.6441130000 0.0176800000 0.0280330000
0 0.5635190000 0.7291670000 0.0186350000 0.0121050000
0 0.5275000000 0.7188888889 0.0101666667 0.0191111111
0 0.5180000000 0.7146666667 0.0116666667 0.0175555556
0 0.5448840000 0.7466870000 0.0090790000 0.0203870000
0 0.5665000000 0.7508888889 0.0163333333 0.0108888889
0 0.5621666667 0.7102222222 0.0173333333 0.0135555556
0 0.5456010000 0.7161060000 0.0095570000 0.0254840000
0 0.5698333333 0.7000000000 0.0170000000 0.0108888889
0 0.5828333333 0.7082222222 0.0163333333 0.0128888889
0 0.5666666667 0.7406666667 0.0153333333 0.0113333333
0 0.5833333333 0.7433333333 0.0143333333 0.0086666667
0 0.5863333333 0.7502222222 0.0163333333 0.0117777778
0 0.6116666667 0.7133333333 0.0166666667 0.0124444444
0 0.6021666667 0.7068888889 0.0146666667 0.0108888889
0 0.6096300000 0.7384050000 0.0152910000 0.0216620000
0 0.5754650000 0.7234330000 0.0081230000 0.0184760000
0 0.6135000000 0.7028888889 0.0151666667 0.0111111111
0 0.6988333333 0.7277777778 0.0093333333 0.0128888889
0 0.6871666667 0.7293333333 0.0121666667 0.0100000000
0 0.6916666667 0.7137777778 0.0123333333 0.0166666667
0 0.6773333333 0.7062222222 0.0145000000 0.0137777778
0 0.6735000000 0.7426666667 0.0136666667 0.0126666667
0 0.6605000000 0.7377777778 0.0108333333 0.0131111111
0 0.6671666667 0.7548888889 0.0148333333 0.0084444444
0 0.6758333333 0.7257777778 0.0140000000 0.0164444444
0 0.6565000000 0.7006666667 0.0181666667 0.0128888889
0 0.6471666667 0.7175555556 0.0100000000 0.0200000000
0 0.6878333333 0.7475555556 0.0130000000 0.0137777778
0 0.6475000000 0.7542222222 0.0176666667 0.0082222222
0 0.7455000000 0.7142222222 0.0098333333 0.0148888889
0 0.7336666667 0.7351111111 0.0091666667 0.0217777778
0 0.7440000000 0.7335555556 0.0105000000 0.0173333333
0 0.7530000000 0.7222222222 0.0131666667 0.0124444444
0 0.7378333333 0.7104444444 0.0096666667 0.0095555556
0 0.7186666667 0.7444444444 0.0123333333 0.0171111111
0 0.7080000000 0.7044444444 0.0116666667 0.0200000000
0 0.7293333333 0.7164444444 0.0131666667 0.0142222222
0 0.6418333333 0.7668888889 0.0083333333 0.0186666667
0 0.6543333333 0.7773333333 0.0135000000 0.0188888889
0 0.6811666667 0.7671111111 0.0270000000 0.0137777778
0 0.6683230000 0.8006290000 0.0167240000 0.0127420000
0 0.7065000000 0.7677777778 0.0141666667 0.0088888889
0 0.5817090000 0.9644500000 0.0344040000 0.0435780000
0 0.6523333333 0.8797777778 0.0141666667 0.0246666667
