0 0.5631691649 0.9689507495 0.0256959315 0.0235546039
0 0.5653104925 0.9282655246 0.0256959315 0.0278372591
0 0.5642398287 0.8982869379 0.0235546039 0.0321199143
0 0.6124197002 0.8062098501 0.0256959315 0.0278372591
0 0.6477516060 0.7955032120 0.0278372591 0.0278372591
0 0.5685224839 0.8158458244 0.0149892934 0.0342612420
0 0.5535331906 0.8211991435 0.0192719486 0.0235546039
0 0.5503211991 0.8008565310 0.0171306210 0.0256959315
0 0.5406852248 0.7869379015 0.0278372591 0.0149892934
0 0.5096359743 0.7462526767 0.0299785867 0.0192719486
0 0.4839400428 0.7473233405 0.0256959315 0.0214132762
0 0.4550321199 0.7869379015 0.0278372591 0.0278372591
0 0.4271948608 0.7815845824 0.0192719486 0.0299785867
0 0.4710920771 0.8072805139 0.0342612420 0.0256959315
0 0.5107066381 0.8404710921 0.0278372591 0.0406852248
0 0.5331905782 0.8394004283 0.0214132762 0.0342612420
0 0.5503211991 0.8490364026 0.0171306210 0.0321199143
0 0.5064239829 0.8854389722 0.0321199143 0.0192719486
0 0.4903640257 0.8650963597 0.0256959315 0.0214132762
0 0.4635974304 0.8822269807 0.0235546039 0.0214132762
0 0.3972162741 0.9207708779 0.0278372591 0.0256959315
0 0.3747323340 0.8768736617 0.0299785867 0.0235546039
0 0.2922912206 0.9100642398 0.0278372591 0.0299785867
0 0.4122055675 0.9775160600 0.0364025696 0.0364025696
0 0.2398286938 0.9689507495 0.0385438972 0.0278372591
0 0.2152034261 0.8758029979 0.0364025696 0.0342612420
0 0.2398286938 0.8169164882 0.0256959315 0.0449678801
0 0.3543897216 0.8640256959 0.0278372591 0.0192719486
0 0.2023554604 0.8361884368 0.0235546039 0.0192719486
0 0.1798715203 0.8554603854 0.0342612420 0.0278372591
0 0.1563169165 0.8426124197 0.0171306210 0.0321199143
0 0.1434689507 0.8286937901 0.0214132762 0.0256959315
0 0.1627408994 0.8865096360 0.0214132762 0.0256959315
0 0.1188436831 0.9421841542 0.0192719486 0.0299785867
0 0.1970021413 0.9175588865 0.0256959315 0.0235546039
0 0.0963597430 0.9186295503 0.0256959315 0.0299785867
0 0.2044967880 0.7077087794 0.0278372591 0.0278372591
0 0.1980728051 0.6798715203 0.0321199143 0.0321199143
0 0.2248394004 0.6702355460 0.0171306210 0.0256959315
0 0.2676659529 0.6691648822 0.0256959315 0.0278372591
0 0.3083511777 0.6552462527 0.0428265525 0.0342612420
0 0.2773019272 0.7119914347 0.0235546039 0.0364025696
0 0.3040685225 0.7055674518 0.0214132762 0.0321199143
0 0.4100642398 0.7066381156 0.0321199143 0.0299785867
0 0.4368308351 0.6852248394 0.0256959315 0.0256959315
0 0.4635974304 0.6916488223 0.0235546039 0.0256959315
0 0.4443254818 0.6627408994 0.0278372591 0.0192719486
0 0.4710920771 0.6381156317 0.0256959315 0.0171306210
0 0.5160599572 0.6391862955 0.0342612420 0.0235546039
0 0.4850107066 0.6659528908 0.0449678801 0.0342612420
0 0.1584582441 0.6820128480 0.0299785867 0.0235546039
0 0.1177730193 0.6830835118 0.0299785867 0.0214132762
0 0.1113490364 0.6648822270 0.0299785867 0.0278372591
0 0.3297644540 0.5995717345 0.0171306210 0.0299785867
0 0.5042826552 0.5899357602 0.0364025696 0.0278372591
0 0.4079229122 0.5706638116 0.0278372591 0.0321199143
0 0.5503211991 0.5107066381 0.0256959315 0.0235546039
0 0.6434689507 0.5117773019 0.0321199143 0.0256959315
0 0.6702355460 0.4957173448 0.0428265525 0.0321199143
0 0.6680942184 0.4657387580 0.0256959315 0.0235546039
0 0.7655246253 0.5492505353 0.0364025696 0.0321199143
0 0.7569593148 0.5802997859 0.0364025696 0.0214132762
0 0.7623126338 0.6648822270 0.0256959315 0.0321199143
0 0.8522483940 0.5000000000 0.0342612420 0.0235546039
0 0.9250535332 0.4603854390 0.0299785867 0.0214132762
0 0.9379014989 0.5000000000 0.0214132762 0.0235546039
0 0.9229122056 0.5706638116 0.0256959315 0.0235546039
0 0.9925053533 0.5899357602 0.0149892934 0.0278372591
0 0.9807280514 0.6284796574 0.0214132762 0.0321199143
0 0.0074946467 0.4882226981 0.0149892934 0.0385438972
0 0.0513918630 0.4314775161 0.0428265525 0.0235546039
0 0.0610278373 0.4036402570 0.0235546039 0.0321199143
0 0.0364025696 0.3875802998 0.0342612420 0.0299785867
0 0.0074946467 0.3972162741 0.0149892934 0.0278372591
0 0.1177730193 0.4047109208 0.0299785867 0.0299785867
0 0.2109207709 0.4068522484 0.0192719486 0.0342612420
0 0.2419700214 0.4325481799 0.0171306210 0.0342612420
0 0.2762312634 0.3661670236 0.0299785867 0.0256959315
0 0.2858672377 0.3319057816 0.0235546039 0.0299785867
0 0.3072805139 0.3543897216 0.0235546039 0.0321199143
0 0.4175588865 0.4282655246 0.0256959315 0.0342612420
0 0.0396145610 0.2880085653 0.0364025696 0.0235546039
0 0.0374732334 0.3158458244 0.0235546039 0.0321199143
0 0.0278372591 0.3436830835 0.0299785867 0.0278372591
0 0.0160599572 0.3008565310 0.0235546039 0.0364025696
0 0.0331905782 0.1991434690 0.0278372591 0.0342612420
0 0.0620985011 0.1895074946 0.0256959315 0.0364025696
0 0.1734475375 0.2997858672 0.0214132762 0.0299785867
0 0.2676659529 0.2087794433 0.0256959315 0.0278372591
0 0.6734475375 0.2805139186 0.0235546039 0.0385438972
0 0.7109207709 0.2098501071 0.0342612420 0.0299785867
0 0.7344753747 0.2334047109 0.0385438972 0.0342612420
0 0.9143468951 0.2987152034 0.0299785867 0.0321199143
0 0.9486081370 0.2698072805 0.0299785867 0.0256959315
0 0.9721627409 0.3426124197 0.0256959315 0.0299785867
0 0.7944325482 0.3597430407 0.0299785867 0.0171306210
0 0.4421841542 0.5460385439 0.0235546039 0.0256959315
0 0.3822269807 0.5524625268 0.0192719486 0.0299785867
0 0.4764453961 0.5010706638 0.0235546039 0.0299785867
0 0.8800856531 0.2708779443 0.0256959315 0.0235546039
0 0.8800856531 0.2708779443 0.0256959315 0.0235546039
