0 0.7928388747 0.0089514066 0.0358056266 0.0179028133
0 0.6751918159 0.0102301790 0.0358056266 0.0204603581
0 0.8925831202 0.0460358056 0.0255754476 0.0306905371
0 0.7084398977 0.1547314578 0.0306905371 0.0281329923
0 0.2109974425 0.2135549872 0.0332480818 0.0434782609
0 0.0383631714 0.4782608696 0.0409207161 0.0255754476
0 0.0179028133 0.3465473146 0.0358056266 0.0383631714
0 0.6381074169 0.2314578005 0.0230179028 0.0281329923
0 0.6649616368 0.2378516624 0.0204603581 0.0306905371
0 0.7723785166 0.2519181586 0.0204603581 0.0332480818
0 0.7915601023 0.2762148338 0.0179028133 0.0306905371
0 0.9207161125 0.5191815857 0.0358056266 0.0358056266
0 0.9168797954 0.3746803069 0.0281329923 0.0281329923
0 0.8913043478 0.6956521739 0.0332480818 0.0306905371
0 0.7531969309 0.6841432225 0.0332480818 0.0383631714
0 0.6879795396 0.6534526854 0.0255754476 0.0383631714
0 0.6291560102 0.6278772379 0.0306905371 0.0383631714
