0 0.7349056604 0.6160377358 0.0320754717 0.0396226415
0 0.5264150943 0.7245283019 0.0339622642 0.0264150943
0 0.9094339623 0.8405660377 0.0339622642 0.0283018868
0 0.0188679245 0.9877358491 0.0226415094 0.0245283019
0 0.1924528302 0.9405660377 0.0264150943 0.0207547170
0 0.1066037736 0.9009433962 0.0207547170 0.0320754717
0 0.7075471698 0.8377358491 0.0301886792 0.0226415094
0 0.1584905660 0.4216981132 0.0226415094 0.0320754717
0 0.2726415094 0.2547169811 0.0207547170 0.0226415094
0 0.2613207547 0.2254716981 0.0245283019 0.0320754717
0 0.4150943396 0.1216981132 0.0226415094 0.0320754717
0 0.7698113208 0.2179245283 0.0301886792 0.0283018868
0 0.8179245283 0.2037735849 0.0320754717 0.0264150943
0 0.8518867925 0.2405660377 0.0320754717 0.0396226415
0 0.6094339623 0.3424528302 0.0452830189 0.0207547170
0 0.5452830189 0.3292452830 0.0377358491 0.0245283019
0 0.6198113208 0.2622641509 0.0169811321 0.0264150943
0 0.6330188679 0.0358490566 0.0245283019 0.0301886792
0 0.7339622642 0.0594339623 0.0188679245 0.0245283019
0 0.5905660377 0.1632075472 0.0150943396 0.0283018868
0 0.7301886792 0.0330188679 0.0188679245 0.0283018868
0 0.2179245283 0.6669811321 0.0169811321 0.0245283019
0 0.3905660377 0.7509433962 0.0226415094 0.0188679245
0 0.3905660377 0.7509433962 0.0226415094 0.0188679245
