0 0.7312661499 0.9470284238 0.0310077519 0.0335917313
0 0.7739018088 0.9341085271 0.0335917313 0.0335917313
0 0.6782945736 0.9586563307 0.0180878553 0.0413436693
0 0.6602067183 0.9651162791 0.0232558140 0.0284237726
0 0.6563307494 0.9405684755 0.0206718346 0.0310077519
0 0.6447028424 0.9237726098 0.0335917313 0.0180878553
0 0.6072351421 0.8746770026 0.0361757106 0.0232558140
0 0.5762273902 0.8759689922 0.0310077519 0.0258397933
0 0.5413436693 0.9237726098 0.0335917313 0.0335917313
0 0.5077519380 0.9173126615 0.0232558140 0.0361757106
0 0.5607235142 0.9483204134 0.0413436693 0.0310077519
0 0.6085271318 0.9819121447 0.0335917313 0.0361757106
0 0.6356589147 0.9832041344 0.0258397933 0.0335917313
0 0.6563307494 0.9896640827 0.0206718346 0.0206718346
0 0.2816537468 0.9599483204 0.0310077519 0.0542635659
0 0.2364341085 0.9832041344 0.0284237726 0.0232558140
0 0.1808785530 0.9857881137 0.0206718346 0.0284237726
0 0.1653746770 0.9741602067 0.0258397933 0.0310077519
0 0.2390180879 0.8281653747 0.0335917313 0.0335917313
0 0.2312661499 0.7945736434 0.0387596899 0.0387596899
0 0.2635658915 0.7829457364 0.0206718346 0.0310077519
0 0.3152454780 0.7816537468 0.0310077519 0.0335917313
0 0.3643410853 0.7648578811 0.0516795866 0.0413436693
0 0.3268733850 0.8333333333 0.0284237726 0.0439276486
0 0.3591731266 0.8255813953 0.0258397933 0.0387596899
0 0.4870801034 0.8268733850 0.0387596899 0.0361757106
0 0.5193798450 0.8010335917 0.0310077519 0.0310077519
0 0.5516795866 0.8087855297 0.0284237726 0.0310077519
0 0.5284237726 0.7739018088 0.0335917313 0.0232558140
0 0.5607235142 0.7441860465 0.0310077519 0.0206718346
0 0.6149870801 0.7454780362 0.0413436693 0.0284237726
0 0.5775193798 0.7777777778 0.0542635659 0.0413436693
0 0.1834625323 0.7971576227 0.0361757106 0.0284237726
0 0.1343669251 0.7984496124 0.0361757106 0.0258397933
0 0.1266149871 0.7764857881 0.0361757106 0.0335917313
0 0.3901808786 0.6976744186 0.0206718346 0.0361757106
0 0.6007751938 0.6860465116 0.0439276486 0.0335917313
0 0.4844961240 0.6627906977 0.0335917313 0.0387596899
0 0.6563307494 0.5904392765 0.0310077519 0.0284237726
0 0.7687338501 0.5917312661 0.0387596899 0.0310077519
0 0.8010335917 0.5723514212 0.0516795866 0.0387596899
0 0.7984496124 0.5361757106 0.0310077519 0.0284237726
0 0.9160206718 0.6369509044 0.0439276486 0.0387596899
0 0.9056847545 0.6744186047 0.0439276486 0.0258397933
0 0.9121447028 0.7764857881 0.0310077519 0.0387596899
0 0.0542635659 0.4948320413 0.0516795866 0.0284237726
0 0.0658914729 0.4612403101 0.0284237726 0.0387596899
0 0.0361757106 0.4418604651 0.0413436693 0.0361757106
0 0.1343669251 0.4625322997 0.0361757106 0.0361757106
0 0.2467700258 0.4651162791 0.0232558140 0.0413436693
0 0.2842377261 0.4961240310 0.0206718346 0.0413436693
0 0.3255813953 0.4160206718 0.0361757106 0.0310077519
0 0.3372093023 0.3746770026 0.0284237726 0.0361757106
0 0.3630490956 0.4018087855 0.0284237726 0.0387596899
0 0.4961240310 0.4909560724 0.0310077519 0.0413436693
0 0.0400516796 0.3217054264 0.0439276486 0.0284237726
0 0.0374677003 0.3552971576 0.0284237726 0.0387596899
0 0.0258397933 0.3888888889 0.0361757106 0.0335917313
0 0.0129198966 0.3372093023 0.0258397933 0.0439276486
0 0.0322997416 0.2144702842 0.0335917313 0.0413436693
0 0.0671834625 0.2028423773 0.0310077519 0.0439276486
0 0.2015503876 0.3359173127 0.0258397933 0.0361757106
0 0.3152454780 0.2260981912 0.0310077519 0.0335917313
0 0.8049095607 0.3126614987 0.0284237726 0.0465116279
0 0.8501291990 0.2273901809 0.0413436693 0.0361757106
0 0.8785529716 0.2558139535 0.0465116279 0.0413436693
0 0.9509043928 0.4082687339 0.0361757106 0.0206718346
0 0.5258397933 0.6330749354 0.0284237726 0.0310077519
0 0.4534883721 0.6408268734 0.0232558140 0.0361757106
0 0.4974160207 0.6266149871 0.0232558140 0.0232558140
0 0.5671834625 0.5788113695 0.0284237726 0.0361757106
