0 0.8846153846 0.9762443439 0.0633484163 0.0475113122
0 0.8710407240 0.8190045249 0.0542986425 0.0407239819
0 0.8303167421 0.8914027149 0.0452488688 0.0633484163
0 0.7635746606 0.8981900452 0.0972850679 0.0633484163
0 0.6628959276 0.7737556561 0.0407239819 0.0769230769
0 0.6561085973 0.9072398190 0.0588235294 0.0497737557
0 0.6074660633 0.9807692308 0.0746606335 0.0384615385
0 0.1832579186 0.9920814480 0.0588235294 0.0158371041
0 0.2511312217 0.9649321267 0.0633484163 0.0701357466
0 0.0486425339 0.7443438914 0.0520361991 0.0588235294
0 0.0079185520 0.2647058824 0.0158371041 0.0633484163
0 0.3416289593 0.2533936652 0.0316742081 0.0452488688
0 0.3337104072 0.4185520362 0.0656108597 0.0497737557
0 0.3902714932 0.5373303167 0.0520361991 0.0656108597
0 0.6131221719 0.5871040724 0.0452488688 0.0520361991
0 0.4049773756 0.6606334842 0.0950226244 0.0633484163
0 0.4140271493 0.7975113122 0.0633484163 0.0520361991
0 0.3642533937 0.8348416290 0.0633484163 0.0452488688
0 0.3619909502 0.9196832579 0.0588235294 0.0656108597
0 0.7420814480 0.6085972851 0.0497737557 0.0316742081
0 0.7307692308 0.5723981900 0.0633484163 0.0361990950
0 0.6391402715 0.5248868778 0.0565610860 0.0633484163
0 0.8914027149 0.5837104072 0.0497737557 0.0633484163
0 0.9751131222 0.5859728507 0.0497737557 0.0588235294
0 0.9762443439 0.5056561086 0.0475113122 0.0520361991
0 0.9038461538 0.4875565611 0.0701357466 0.0429864253
0 0.9355203620 0.4389140271 0.0565610860 0.0497737557
0 0.9015837104 0.3789592760 0.0475113122 0.0475113122
0 0.9717194570 0.7126696833 0.0565610860 0.0542986425
0 0.9219457014 0.6957013575 0.0475113122 0.0565610860
0 0.9117647059 0.6549773756 0.0633484163 0.0475113122
0 0.8653846154 0.6142533937 0.0520361991 0.0520361991
0 0.8552036199 0.6572398190 0.0407239819 0.0565610860
0 0.8416289593 0.7183257919 0.0497737557 0.0701357466
0 0.2635746606 0.5237556561 0.0610859729 0.0339366516
0 0.5735294118 0.4106334842 0.0791855204 0.0791855204
0 0.5848416290 0.3031674208 0.0610859729 0.0633484163
0 0.6210407240 0.2307692308 0.0520361991 0.0542986425
0 0.5531674208 0.1742081448 0.0746606335 0.0814479638
0 0.4694570136 0.0712669683 0.0520361991 0.0701357466
0 0.8744343891 0.0203619910 0.0429864253 0.0407239819
0 0.9445701357 0.1414027149 0.0475113122 0.0565610860
