0 0.8593429158 0.9127310062 0.0595482546 0.0554414784
0 0.7577002053 0.8706365503 0.0574948665 0.0533880903
0 0.8911704312 0.7638603696 0.0533880903 0.0616016427
0 0.7453798768 0.7227926078 0.0492813142 0.0369609856
0 0.7084188912 0.7885010267 0.0410677618 0.0574948665
0 0.6478439425 0.7946611910 0.0882956879 0.0574948665
0 0.5564681725 0.6817248460 0.0369609856 0.0698151951
0 0.5503080082 0.8028747433 0.0533880903 0.0451745380
0 0.5061601643 0.8870636550 0.0677618070 0.0698151951
0 0.4260780287 0.9661190965 0.0390143737 0.0595482546
0 0.3357289528 0.9856262834 0.0431211499 0.0287474333
0 0.7515400411 0.9599589322 0.0698151951 0.0595482546
0 0.1601642710 0.9753593429 0.0369609856 0.0492813142
0 0.1211498973 0.9024640657 0.0533880903 0.0595482546
0 0.1827515400 0.8603696099 0.0574948665 0.0739219713
0 0.0112936345 0.6550308008 0.0225872690 0.0533880903
0 0.2648870637 0.2094455852 0.0287474333 0.0410677618
0 0.2577002053 0.3593429158 0.0595482546 0.0451745380
0 0.3090349076 0.4671457906 0.0472279261 0.0595482546
0 0.5112936345 0.5123203285 0.0410677618 0.0472279261
0 0.3223819302 0.5790554415 0.0862422998 0.0574948665
0 0.3305954825 0.7032854209 0.0574948665 0.0472279261
0 0.2854209446 0.7371663244 0.0574948665 0.0410677618
0 0.2833675565 0.8141683778 0.0533880903 0.0595482546
0 0.6283367556 0.5318275154 0.0451745380 0.0287474333
0 0.6180698152 0.4989733060 0.0574948665 0.0328542094
0 0.5349075975 0.4558521561 0.0513347023 0.0574948665
0 0.7638603696 0.5092402464 0.0451745380 0.0574948665
0 0.8449691992 0.5112936345 0.0554414784 0.0533880903
0 0.8439425051 0.4383983573 0.0492813142 0.0472279261
0 0.7751540041 0.4219712526 0.0636550308 0.0390143737
0 0.8039014374 0.3778234086 0.0513347023 0.0451745380
0 0.7731006160 0.3234086242 0.0431211499 0.0431211499
0 0.9435318275 0.3295687885 0.0636550308 0.0513347023
0 0.9712525667 0.4075975359 0.0451745380 0.0554414784
0 0.9199178645 0.5000000000 0.0451745380 0.0431211499
0 0.9486652977 0.5297741273 0.0492813142 0.0451745380
0 0.9599589322 0.6806981520 0.0800821355 0.0718685832
0 0.9096509240 0.6683778234 0.0328542094 0.0554414784
0 0.8398357290 0.6262833676 0.0574948665 0.0492813142
0 0.7915811088 0.6108829569 0.0431211499 0.0513347023
0 0.7823408624 0.5739219713 0.0574948665 0.0431211499
0 0.7402464066 0.5369609856 0.0472279261 0.0472279261
0 0.7310061602 0.5759753593 0.0369609856 0.0513347023
0 0.7186858316 0.6314168378 0.0451745380 0.0636550308
0 0.1940451745 0.4548254620 0.0554414784 0.0308008214
0 0.4753593429 0.3521560575 0.0718685832 0.0718685832
0 0.4856262834 0.2546201232 0.0554414784 0.0574948665
0 0.5184804928 0.1889117043 0.0472279261 0.0492813142
0 0.4568788501 0.1375770021 0.0677618070 0.0739219713
0 0.3809034908 0.0441478439 0.0472279261 0.0636550308
0 0.7484599589 0.0082135524 0.0390143737 0.0164271047
0 0.8121149897 0.1078028747 0.0431211499 0.0513347023
0 0.8829568789 0.0975359343 0.0533880903 0.0390143737
0 0.9507186858 0.1755646817 0.0657084189 0.0554414784
0 0.9045174538 0.2268993840 0.0554414784 0.0349075975
