0 0.7443991853 0.0061099796 0.0672097760 0.0122199593
0 0.6272912424 0.0071283096 0.0285132383 0.0142566191
0 0.8981670061 0.0244399185 0.0244399185 0.0325865580
0 0.9877800407 0.0244399185 0.0244399185 0.0448065173
0 0.3971486762 0.0845213849 0.0325865580 0.0346232179
0 0.4826883910 0.0947046843 0.0285132383 0.0305498982
0 0.5835030550 0.0977596741 0.0386965377 0.0448065173
0 0.6965376782 0.0865580448 0.0325865580 0.0386965377
0 0.7525458248 0.0488798371 0.0631364562 0.0610997963
0 0.8533604888 0.0875763747 0.0407331976 0.0529531568
0 0.7800407332 0.1120162933 0.0448065173 0.0325865580
0 0.9653767821 0.0580448065 0.0325865580 0.0427698574
0 0.9287169043 0.0468431772 0.0325865580 0.0366598778
0 0.2535641548 0.1425661914 0.0346232179 0.0285132383
0 0.4429735234 0.1181262729 0.0346232179 0.0448065173
0 0.3971486762 0.1313645621 0.0325865580 0.0386965377
0 0.5112016293 0.1364562118 0.0936863544 0.0407331976
0 0.7087576375 0.1435845214 0.0285132383 0.0427698574
0 0.7606924644 0.1568228106 0.0386965377 0.0244399185
0 0.8279022403 0.1761710794 0.0427698574 0.0264765784
0 0.9521384929 0.1242362525 0.0590631365 0.0529531568
0 0.9256619145 0.1639511202 0.0549898167 0.0427698574
0 0.0417515275 0.2189409369 0.0346232179 0.0305498982
0 0.3238289206 0.2128309572 0.0325865580 0.0346232179
0 0.4490835031 0.2057026477 0.0305498982 0.0244399185
0 0.5590631365 0.2026476578 0.0305498982 0.0305498982
0 0.5947046843 0.2036659878 0.0366598778 0.0325865580
0 0.6731160896 0.2596741344 0.0346232179 0.0468431772
0 0.6435845214 0.2016293279 0.0325865580 0.0366598778
0 0.7678207739 0.2454175153 0.0448065173 0.0468431772
0 0.8207739308 0.2097759674 0.0448065173 0.0407331976
0 0.9205702648 0.2443991853 0.0448065173 0.0366598778
0 0.9694501018 0.2515274949 0.0529531568 0.0631364562
0 0.1588594705 0.2657841141 0.0448065173 0.0386965377
0 0.1832993890 0.3268839104 0.0366598778 0.0346232179
0 0.0794297352 0.2973523422 0.0529531568 0.0325865580
0 0.4246435845 0.2790224033 0.0386965377 0.0285132383
0 0.8564154786 0.2800407332 0.0672097760 0.0712830957
0 0.9154786151 0.3024439919 0.0590631365 0.0631364562
0 0.0610997963 0.3645621181 0.0325865580 0.0407331976
0 0.7169042770 0.3574338086 0.0285132383 0.0305498982
0 0.6476578411 0.3706720978 0.0488798371 0.0448065173
0 0.8655804481 0.3533604888 0.0203665988 0.0386965377
0 0.8258655804 0.3869653768 0.0264765784 0.0325865580
0 0.9093686354 0.3604887984 0.0468431772 0.0570264766
0 0.9470468432 0.3727087576 0.0285132383 0.0570264766
0 0.1466395112 0.4735234216 0.0448065173 0.0224032587
0 0.0987780041 0.4765784114 0.0427698574 0.0610997963
0 0.2861507128 0.4287169043 0.0264765784 0.0264765784
0 0.2769857434 0.4714867617 0.0366598778 0.0264765784
0 0.5753564155 0.4704684318 0.0264765784 0.0285132383
0 0.7311608961 0.4185336049 0.0325865580 0.0346232179
0 0.6384928717 0.4419551935 0.0549898167 0.0448065173
0 0.6792260692 0.4103869654 0.0264765784 0.0427698574
0 0.8523421589 0.4307535642 0.0264765784 0.0427698574
0 0.9928716904 0.4297352342 0.0142566191 0.0407331976
0 0.9338085540 0.4256619145 0.0305498982 0.0325865580
0 0.0478615071 0.5356415479 0.0346232179 0.0244399185
0 0.1914460285 0.4989816701 0.0285132383 0.0162932790
0 0.1649694501 0.5295315682 0.0244399185 0.0325865580
0 0.0885947047 0.5386965377 0.0346232179 0.0305498982
0 0.1303462322 0.5305498982 0.0407331976 0.0427698574
0 0.3014256619 0.5213849287 0.0448065173 0.0570264766
0 0.3594704684 0.4877800407 0.0468431772 0.0427698574
0 0.4837067210 0.5071283096 0.0346232179 0.0244399185
0 0.7067209776 0.5101832994 0.0529531568 0.0590631365
0 0.6496945010 0.4969450102 0.0325865580 0.0244399185
0 0.9837067210 0.5173116090 0.0325865580 0.0366598778
0 0.0702647658 0.5926680244 0.0427698574 0.0529531568
0 0.1466395112 0.5997963340 0.0325865580 0.0346232179
0 0.3238289206 0.5773930754 0.0366598778 0.0346232179
0 0.4572301426 0.6232179226 0.0305498982 0.0325865580
0 0.5061099796 0.5855397149 0.0427698574 0.0346232179
0 0.5987780041 0.5682281059 0.0448065173 0.0610997963
0 0.6089613035 0.6201629328 0.0325865580 0.0346232179
0 0.7260692464 0.6079429735 0.0264765784 0.0305498982
0 0.7800407332 0.6130346232 0.0448065173 0.0529531568
0 0.9704684318 0.5773930754 0.0590631365 0.0468431772
0 0.0723014257 0.6578411405 0.0468431772 0.0407331976
0 0.2780040733 0.6741344196 0.0224032587 0.0448065173
0 0.4093686354 0.6832993890 0.0285132383 0.0427698574
0 0.5580448065 0.6853360489 0.0325865580 0.0346232179
0 0.6649694501 0.6354378819 0.0509164969 0.0488798371
0 0.6883910387 0.6853360489 0.0692464358 0.0631364562
0 0.7983706721 0.6608961303 0.0407331976 0.0427698574
0 0.4694501018 0.7199592668 0.0549898167 0.0386965377
0 0.6008146640 0.7209775967 0.0285132383 0.0285132383
0 0.7046843177 0.7240325866 0.0285132383 0.0427698574
0 0.7240325866 0.7647657841 0.0386965377 0.0427698574
0 0.7942973523 0.7158859470 0.0407331976 0.0346232179
0 0.9378818737 0.7291242363 0.0427698574 0.0651731161
0 0.8890020367 0.7372708758 0.0386965377 0.0285132383
0 0.0458248473 0.7861507128 0.0305498982 0.0325865580
0 0.1894093686 0.7881873727 0.0285132383 0.0366598778
0 0.2352342159 0.8279022403 0.0468431772 0.0346232179
0 0.3930753564 0.8187372709 0.0448065173 0.0285132383
0 0.3604887984 0.7780040733 0.0488798371 0.0325865580
0 0.4735234216 0.8258655804 0.0509164969 0.0590631365
0 0.6069246436 0.8197556008 0.0529531568 0.0468431772
0 0.8991853360 0.7932790224 0.0386965377 0.0386965377
0 0.4531568228 0.8727087576 0.0468431772 0.0427698574
0 0.5468431772 0.8991853360 0.0468431772 0.0346232179
0 0.5030549898 0.8645621181 0.0407331976 0.0468431772
0 0.6537678208 0.8574338086 0.0651731161 0.0325865580
0 0.6456211813 0.9073319756 0.0651731161 0.0427698574
0 0.8004073320 0.8828920570 0.0651731161 0.0468431772
0 0.4643584521 0.9348268839 0.0529531568 0.0325865580
0 0.5112016293 0.9816700611 0.0570264766 0.0366598778
0 0.8146639511 0.4684317719 0.0325865580 0.0366598778
0 0.7892057026 0.4266802444 0.0224032587 0.0305498982
0 0.8452138493 0.0081466395 0.0407331976 0.0162932790
0 0.3767820774 0.0091649695 0.0325865580 0.0183299389
0 0.3462321792 0.1680244399 0.0325865580 0.0264765784
0 0.4490835031 0.2433808554 0.0264765784 0.0264765784
0 0.4816700611 0.2668024440 0.0264765784 0.0244399185
0 0.1741344196 0.9826883910 0.0386965377 0.0346232179
0 0.2260692464 0.9826883910 0.0366598778 0.0346232179
0 0.3177189409 0.9592668024 0.0407331976 0.0285132383
0 0.2790224033 0.9327902240 0.0366598778 0.0285132383
0 0.2749490835 0.9633401222 0.0366598778 0.0325865580
0 0.2535641548 0.9887983707 0.0224032587 0.0224032587
0 0.3085539715 0.9877800407 0.0264765784 0.0244399185
0 0.4307535642 0.9887983707 0.0549898167 0.0224032587
0 0.4531568228 0.9633401222 0.0305498982 0.0244399185
0 0.4246435845 0.9592668024 0.0305498982 0.0285132383
0 0.2067209776 0.5336048880 0.0509164969 0.0285132383
0 0.2219959267 0.5549898167 0.0366598778 0.0264765784
0 0.1924643585 0.5600814664 0.0305498982 0.0244399185
0 0.0142566191 0.4928716904 0.0285132383 0.0285132383
0 0.0661914460 0.4307535642 0.0224032587 0.0224032587
0 0.3268839104 0.3940936864 0.0305498982 0.0305498982
0 0.4093686354 0.4429735234 0.0488798371 0.0427698574
0 0.4144602851 0.4775967413 0.0224032587 0.0427698574
0 0.3625254582 0.4389002037 0.0407331976 0.0305498982
0 0.4684317719 0.3482688391 0.0448065173 0.0285132383
0 0.4989816701 0.3859470468 0.0244399185 0.0224032587
0 0.4399185336 0.3859470468 0.0407331976 0.0549898167
0 0.4022403259 0.3981670061 0.0264765784 0.0224032587
0 0.3716904277 0.3604887984 0.0386965377 0.0325865580
0 0.1211812627 0.8849287169 0.0305498982 0.0305498982
0 0.1211812627 0.8849287169 0.0305498982 0.0305498982
