0 0.7561797753 0.0078651685 0.0741573034 0.0157303371
0 0.6269662921 0.0089887640 0.0314606742 0.0179775281
0 0.9258426966 0.0292134831 0.0269662921 0.0359550562
0 0.3730337079 0.0955056180 0.0359550562 0.0382022472
0 0.4674157303 0.1067415730 0.0314606742 0.0337078652
0 0.5786516854 0.1101123596 0.0426966292 0.0494382022
0 0.7033707865 0.0977528090 0.0359550562 0.0426966292
0 0.7651685393 0.0561797753 0.0696629213 0.0674157303
0 0.8764044944 0.0988764045 0.0449438202 0.0584269663
0 0.7955056180 0.1258426966 0.0494382022 0.0359550562
0 0.9910112360 0.0662921348 0.0179775281 0.0471910112
0 0.9595505618 0.0539325843 0.0359550562 0.0404494382
0 0.2146067416 0.1595505618 0.0382022472 0.0314606742
0 0.4235955056 0.1325842697 0.0382022472 0.0494382022
0 0.3730337079 0.1471910112 0.0359550562 0.0426966292
0 0.4988764045 0.1528089888 0.1033707865 0.0449438202
0 0.7168539326 0.1606741573 0.0314606742 0.0471910112
0 0.7741573034 0.1752808989 0.0426966292 0.0269662921
0 0.8483146067 0.1966292135 0.0471910112 0.0292134831
0 0.9764044944 0.1393258427 0.0471910112 0.0584269663
0 0.9561797753 0.1831460674 0.0606741573 0.0471910112
0 0.2921348315 0.2370786517 0.0359550562 0.0382022472
0 0.4303370787 0.2292134831 0.0337078652 0.0269662921
0 0.5516853933 0.2258426966 0.0337078652 0.0337078652
0 0.5910112360 0.2269662921 0.0404494382 0.0359550562
0 0.6775280899 0.2887640449 0.0382022472 0.0516853933
0 0.6449438202 0.2247191011 0.0359550562 0.0404494382
0 0.7820224719 0.2730337079 0.0494382022 0.0516853933
0 0.8404494382 0.2337078652 0.0494382022 0.0449438202
0 0.9505617978 0.2719101124 0.0494382022 0.0404494382
0 0.9876404494 0.2797752809 0.0247191011 0.0696629213
0 0.1101123596 0.2955056180 0.0494382022 0.0426966292
0 0.1370786517 0.3629213483 0.0404494382 0.0382022472
0 0.0258426966 0.3303370787 0.0516853933 0.0359550562
0 0.4033707865 0.3101123596 0.0426966292 0.0314606742
0 0.8797752809 0.3112359551 0.0741573034 0.0786516854
0 0.9449438202 0.3359550562 0.0651685393 0.0696629213
0 0.0101123596 0.4044943820 0.0202247191 0.0449438202
0 0.7258426966 0.3966292135 0.0314606742 0.0337078652
0 0.6494382022 0.4112359551 0.0539325843 0.0494382022
0 0.8898876404 0.3921348315 0.0224719101 0.0426966292
0 0.8460674157 0.4292134831 0.0292134831 0.0359550562
0 0.9382022472 0.4000000000 0.0516853933 0.0629213483
0 0.9797752809 0.4134831461 0.0314606742 0.0629213483
0 0.0966292135 0.5247191011 0.0494382022 0.0247191011
0 0.0438202247 0.5280898876 0.0471910112 0.0674157303
0 0.2505617978 0.4752808989 0.0292134831 0.0292134831
0 0.2404494382 0.5224719101 0.0404494382 0.0292134831
0 0.5696629213 0.5213483146 0.0292134831 0.0314606742
0 0.7415730337 0.4640449438 0.0359550562 0.0382022472
0 0.6393258427 0.4898876404 0.0606741573 0.0494382022
0 0.6842696629 0.4550561798 0.0292134831 0.0471910112
0 0.8752808989 0.4775280899 0.0292134831 0.0471910112
0 0.9651685393 0.4719101124 0.0337078652 0.0359550562
0 0.1460674157 0.5528089888 0.0314606742 0.0179775281
0 0.1168539326 0.5865168539 0.0269662921 0.0359550562
0 0.0325842697 0.5966292135 0.0382022472 0.0337078652
0 0.0786516854 0.5876404494 0.0449438202 0.0471910112
0 0.2674157303 0.5775280899 0.0494382022 0.0629213483
0 0.3314606742 0.5404494382 0.0516853933 0.0471910112
0 0.4685393258 0.5617977528 0.0382022472 0.0269662921
0 0.7146067416 0.5651685393 0.0584269663 0.0651685393
0 0.6516853933 0.5505617978 0.0359550562 0.0269662921
0 0.0179775281 0.6561797753 0.0359550562 0.0584269663
0 0.0966292135 0.6640449438 0.0359550562 0.0382022472
0 0.2921348315 0.6393258427 0.0404494382 0.0382022472
0 0.4393258427 0.6898876404 0.0337078652 0.0359550562
0 0.4932584270 0.6483146067 0.0471910112 0.0382022472
0 0.5955056180 0.6292134831 0.0494382022 0.0674157303
0 0.6067415730 0.6865168539 0.0359550562 0.0382022472
0 0.7359550562 0.6730337079 0.0292134831 0.0337078652
0 0.7955056180 0.6786516854 0.0494382022 0.0584269663
0 0.9865168539 0.6393258427 0.0269662921 0.0516853933
0 0.0202247191 0.7280898876 0.0404494382 0.0449438202
0 0.2415730337 0.7460674157 0.0247191011 0.0494382022
0 0.3865168539 0.7561797753 0.0314606742 0.0471910112
0 0.5505617978 0.7584269663 0.0359550562 0.0382022472
0 0.6685393258 0.7033707865 0.0561797753 0.0539325843
0 0.6943820225 0.7584269663 0.0764044944 0.0696629213
0 0.8157303371 0.7314606742 0.0449438202 0.0471910112
0 0.4528089888 0.7966292135 0.0606741573 0.0426966292
0 0.5977528090 0.7977528090 0.0314606742 0.0314606742
0 0.7123595506 0.8011235955 0.0314606742 0.0471910112
0 0.7337078652 0.8460674157 0.0426966292 0.0471910112
0 0.8112359551 0.7921348315 0.0449438202 0.0382022472
0 0.9696629213 0.8067415730 0.0471910112 0.0719101124
0 0.9157303371 0.8157303371 0.0426966292 0.0314606742
0 0.1438202247 0.8719101124 0.0314606742 0.0404494382
0 0.1943820225 0.9157303371 0.0516853933 0.0382022472
0 0.3685393258 0.9056179775 0.0494382022 0.0314606742
0 0.3325842697 0.8606741573 0.0539325843 0.0359550562
0 0.4573033708 0.9134831461 0.0561797753 0.0651685393
0 0.6044943820 0.9067415730 0.0584269663 0.0516853933
0 0.9269662921 0.8775280899 0.0426966292 0.0426966292
0 0.4348314607 0.9651685393 0.0516853933 0.0471910112
0 0.5382022472 0.9876404494 0.0516853933 0.0247191011
0 0.4898876404 0.9561797753 0.0449438202 0.0516853933
0 0.6561797753 0.9483146067 0.0719101124 0.0359550562
0 0.6471910112 0.9898876404 0.0719101124 0.0202247191
0 0.8179775281 0.9752808989 0.0719101124 0.0494382022
0 0.8337078652 0.5191011236 0.0359550562 0.0404494382
0 0.8056179775 0.4730337079 0.0247191011 0.0337078652
0 0.8674157303 0.0101123596 0.0449438202 0.0202247191
0 0.3505617978 0.0112359551 0.0359550562 0.0224719101
0 0.3168539326 0.1876404494 0.0359550562 0.0292134831
0 0.4303370787 0.2707865169 0.0292134831 0.0292134831
0 0.4662921348 0.2966292135 0.0292134831 0.0269662921
0 0.1629213483 0.5910112360 0.0561797753 0.0314606742
0 0.1797752809 0.6146067416 0.0404494382 0.0292134831
0 0.1471910112 0.6202247191 0.0337078652 0.0269662921
0 0.0101123596 0.4775280899 0.0202247191 0.0247191011
0 0.2955056180 0.4370786517 0.0337078652 0.0337078652
0 0.3865168539 0.4910112360 0.0539325843 0.0471910112
0 0.3921348315 0.5292134831 0.0247191011 0.0471910112
0 0.3348314607 0.4865168539 0.0449438202 0.0337078652
0 0.4516853933 0.3865168539 0.0494382022 0.0314606742
0 0.4853932584 0.4280898876 0.0269662921 0.0247191011
0 0.4202247191 0.4280898876 0.0449438202 0.0606741573
0 0.3786516854 0.4415730337 0.0292134831 0.0247191011
0 0.3449438202 0.4000000000 0.0426966292 0.0359550562
0 0.0685393258 0.9786516854 0.0337078652 0.0337078652
0 0.0685393258 0.9786516854 0.0337078652 0.0337078652
