0 0.2392578125 0.0546875000 0.0449218750 0.0546875000
0 0.6240234375 0.0419921875 0.0292968750 0.0332031250
0 0.7871093750 0.0166015625 0.0390625000 0.0332031250
0 0.6669921875 0.0468750000 0.0253906250 0.0351562500
0 0.6523437500 0.0244140625 0.0273437500 0.0371093750
0 0.7548828125 0.0205078125 0.0332031250 0.0253906250
0 0.7011718750 0.0322265625 0.0390625000 0.0410156250
0 0.7861328125 0.0605468750 0.0449218750 0.0234375000
0 0.8398437500 0.0361328125 0.0429687500 0.0214843750
0 0.8984375000 0.0380859375 0.0351562500 0.0292968750
0 0.8710937500 0.0449218750 0.0312500000 0.0312500000
0 0.8261718750 0.0175781250 0.0351562500 0.0156250000
0 0.8154296875 0.0488281250 0.0371093750 0.0156250000
0 0.9492187500 0.0205078125 0.0195312500 0.0410156250
0 0.9238281250 0.0185546875 0.0312500000 0.0371093750
0 0.9648437500 0.0605468750 0.0351562500 0.0195312500
0 0.9687500000 0.0224609375 0.0273437500 0.0292968750
0 0.9902343750 0.0205078125 0.0195312500 0.0214843750
0 0.9863281250 0.0556640625 0.0273437500 0.0332031250
0 0.2939453125 0.1367187500 0.1308593750 0.0429687500
0 0.6230468750 0.0820312500 0.0429687500 0.0234375000
0 0.6093750000 0.1269531250 0.0468750000 0.0273437500
0 0.5937500000 0.0849609375 0.0195312500 0.0410156250
0 0.6386718750 0.0654296875 0.0351562500 0.0253906250
0 0.6777343750 0.0751953125 0.0351562500 0.0332031250
0 0.6796875000 0.1132812500 0.0429687500 0.0273437500
0 0.6591796875 0.1484375000 0.0332031250 0.0468750000
0 0.7509765625 0.1679687500 0.0253906250 0.0390625000
0 0.7705078125 0.0771484375 0.0253906250 0.0371093750
0 0.7714843750 0.1582031250 0.0351562500 0.0234375000
0 0.7275390625 0.0703125000 0.0371093750 0.0390625000
0 0.7353515625 0.1142578125 0.0371093750 0.0371093750
0 0.7636718750 0.1123046875 0.0195312500 0.0410156250
0 0.7968750000 0.0869140625 0.0195312500 0.0292968750
0 0.8632812500 0.0800781250 0.0195312500 0.0351562500
0 0.8203125000 0.1152343750 0.0312500000 0.0429687500
0 0.9433593750 0.1123046875 0.0429687500 0.0175781250
0 0.9257812500 0.0908203125 0.0351562500 0.0253906250
0 0.9023437500 0.1025390625 0.0195312500 0.0332031250
0 0.8115234375 0.1464843750 0.0410156250 0.0273437500
0 0.9355468750 0.0683593750 0.0429687500 0.0390625000
0 0.8857421875 0.1289062500 0.0410156250 0.0195312500
0 0.8222656250 0.1748046875 0.0429687500 0.0175781250
0 0.8349609375 0.0634765625 0.0371093750 0.0332031250
0 0.9033203125 0.1630859375 0.0410156250 0.0214843750
0 0.9873046875 0.1396484375 0.0253906250 0.0371093750
0 0.9804687500 0.1748046875 0.0312500000 0.0371093750
0 0.3662109375 0.2050781250 0.0332031250 0.0429687500
0 0.6259765625 0.2460937500 0.0371093750 0.0351562500
0 0.6132812500 0.2187500000 0.0312500000 0.0234375000
0 0.5361328125 0.1855468750 0.0332031250 0.0390625000
0 0.6123046875 0.1904296875 0.0371093750 0.0253906250
0 0.6494140625 0.2187500000 0.0371093750 0.0273437500
0 0.5947265625 0.2294921875 0.0371093750 0.0371093750
0 0.8017578125 0.1904296875 0.0488281250 0.0332031250
0 0.7041015625 0.2822265625 0.0253906250 0.0410156250
0 0.6875000000 0.2763671875 0.0312500000 0.0292968750
0 0.7783203125 0.2324218750 0.0253906250 0.0390625000
0 0.7529296875 0.2509765625 0.0371093750 0.0292968750
0 0.7412109375 0.2822265625 0.0332031250 0.0332031250
0 0.7255859375 0.2226562500 0.0253906250 0.0390625000
0 0.8847656250 0.2451171875 0.0390625000 0.0175781250
0 0.9384765625 0.2294921875 0.0214843750 0.0410156250
0 0.8671875000 0.2304687500 0.0351562500 0.0234375000
0 0.9287109375 0.2607421875 0.0410156250 0.0214843750
0 0.8837890625 0.2128906250 0.0410156250 0.0195312500
0 0.8847656250 0.2666015625 0.0429687500 0.0253906250
0 0.8554687500 0.1962890625 0.0429687500 0.0371093750
0 0.9531250000 0.1826171875 0.0273437500 0.0332031250
0 0.8085937500 0.2236328125 0.0234375000 0.0410156250
0 0.9697265625 0.2158203125 0.0292968750 0.0371093750
0 0.9921875000 0.2158203125 0.0156250000 0.0292968750
0 0.9814453125 0.2490234375 0.0371093750 0.0214843750
0 0.6796875000 0.3417968750 0.0312500000 0.0351562500
0 0.7314453125 0.4033203125 0.0253906250 0.0371093750
0 0.7167968750 0.3759765625 0.0234375000 0.0371093750
0 0.7099609375 0.3242187500 0.0410156250 0.0312500000
0 0.6845703125 0.3779296875 0.0371093750 0.0332031250
0 0.6689453125 0.4101562500 0.0332031250 0.0195312500
0 0.7666015625 0.3212890625 0.0253906250 0.0449218750
0 0.8066406250 0.3339843750 0.0429687500 0.0312500000
0 0.7216796875 0.3486328125 0.0488281250 0.0332031250
0 0.6552734375 0.3896484375 0.0332031250 0.0253906250
0 0.9218750000 0.4013671875 0.0351562500 0.0253906250
0 0.9335937500 0.3408203125 0.0351562500 0.0332031250
0 0.9599609375 0.3525390625 0.0292968750 0.0449218750
0 0.8652343750 0.3730468750 0.0351562500 0.0312500000
0 0.8417968750 0.3935546875 0.0195312500 0.0410156250
0 0.8642578125 0.4140625000 0.0371093750 0.0390625000
0 0.8525390625 0.3066406250 0.0292968750 0.0429687500
0 0.8154296875 0.3984375000 0.0292968750 0.0351562500
0 0.8974609375 0.3212890625 0.0332031250 0.0253906250
0 0.8789062500 0.3466796875 0.0390625000 0.0214843750
0 0.9648437500 0.3906250000 0.0351562500 0.0390625000
0 0.9882812500 0.3974609375 0.0195312500 0.0292968750
0 0.6943359375 0.4443359375 0.0605468750 0.0410156250
0 0.7128906250 0.5048828125 0.0351562500 0.0371093750
0 0.6611328125 0.5087890625 0.0371093750 0.0332031250
0 0.7929687500 0.4501953125 0.0390625000 0.0253906250
0 0.7500000000 0.5087890625 0.0312500000 0.0449218750
0 0.8398437500 0.4707031250 0.0273437500 0.0429687500
0 0.9365234375 0.5234375000 0.0214843750 0.0390625000
0 0.8554687500 0.5048828125 0.0273437500 0.0410156250
0 0.9111328125 0.5195312500 0.0292968750 0.0351562500
0 0.9560546875 0.4912109375 0.0332031250 0.0292968750
0 0.9306640625 0.4794921875 0.0292968750 0.0371093750
0 0.8994140625 0.4687500000 0.0488281250 0.0312500000
0 0.9541015625 0.4501953125 0.0371093750 0.0214843750
0 0.9179687500 0.4355468750 0.0351562500 0.0351562500
0 0.8125000000 0.4306640625 0.0312500000 0.0332031250
0 0.9707031250 0.5117187500 0.0429687500 0.0234375000
0 0.9687500000 0.4619140625 0.0390625000 0.0292968750
0 0.7382812500 0.5703125000 0.0351562500 0.0234375000
0 0.7226562500 0.5849609375 0.0351562500 0.0292968750
0 0.7080078125 0.6142578125 0.0410156250 0.0175781250
0 0.7314453125 0.6250000000 0.0410156250 0.0195312500
0 0.7705078125 0.5585937500 0.0371093750 0.0351562500
0 0.8027343750 0.5615234375 0.0351562500 0.0214843750
0 0.8017578125 0.5419921875 0.0371093750 0.0214843750
0 0.7060546875 0.5527343750 0.0332031250 0.0351562500
0 0.6894531250 0.5751953125 0.0390625000 0.0214843750
0 0.6533203125 0.5654296875 0.0371093750 0.0332031250
0 0.7714843750 0.5976562500 0.0390625000 0.0273437500
0 0.7919921875 0.6445312500 0.0253906250 0.0351562500
0 0.8554687500 0.6318359375 0.0351562500 0.0214843750
0 0.8652343750 0.5517578125 0.0390625000 0.0253906250
0 0.8671875000 0.5322265625 0.0468750000 0.0175781250
0 0.8574218750 0.5820312500 0.0390625000 0.0273437500
0 0.8916015625 0.5664062500 0.0253906250 0.0312500000
0 0.9130859375 0.5673828125 0.0292968750 0.0332031250
0 0.9453125000 0.5615234375 0.0390625000 0.0332031250
0 0.8330078125 0.5507812500 0.0292968750 0.0351562500
0 0.8867187500 0.6386718750 0.0273437500 0.0273437500
0 0.9414062500 0.6083984375 0.0312500000 0.0410156250
0 0.8222656250 0.6367187500 0.0312500000 0.0390625000
0 0.9013671875 0.6123046875 0.0253906250 0.0371093750
0 0.8701171875 0.6064453125 0.0371093750 0.0253906250
0 0.8603515625 0.6191406250 0.0332031250 0.0195312500
0 0.8554687500 0.6484375000 0.0468750000 0.0156250000
0 0.8867187500 0.5839843750 0.0429687500 0.0156250000
0 0.9882812500 0.5585937500 0.0234375000 0.0273437500
0 0.9667968750 0.6113281250 0.0234375000 0.0351562500
0 0.9794921875 0.6289062500 0.0410156250 0.0273437500
0 0.9560546875 0.7011718750 0.0449218750 0.0234375000
0 0.8720703125 0.6826171875 0.0253906250 0.0371093750
0 0.8505859375 0.6748046875 0.0292968750 0.0332031250
0 0.9121093750 0.7314453125 0.0234375000 0.0371093750
0 0.9638671875 0.7392578125 0.0410156250 0.0214843750
0 0.9531250000 0.6669921875 0.0429687500 0.0253906250
0 0.9140625000 0.6777343750 0.0234375000 0.0468750000
0 0.9716796875 0.6494140625 0.0410156250 0.0214843750
0 0.9912109375 0.6640625000 0.0175781250 0.0234375000
0 0.9638671875 0.7216796875 0.0371093750 0.0214843750
0 0.9843750000 0.6904296875 0.0195312500 0.0332031250
0 0.9843750000 0.6904296875 0.0195312500 0.0332031250
