0 0.8567251462 0.0116959064 0.0456140351 0.0233918129
0 0.1637426901 0.0157894737 0.0304093567 0.0292397661
0 0.1444444444 0.0649122807 0.0315789474 0.0269005848
0 0.3099415205 0.0169590643 0.0421052632 0.0339181287
0 0.4035087719 0.0327485380 0.0491228070 0.0444444444
0 0.8520467836 0.1105263158 0.0479532164 0.0315789474
0 0.1356725146 0.1502923977 0.0397660819 0.0339181287
0 0.1894736842 0.1994152047 0.0350877193 0.0526315789
0 0.3111111111 0.1894736842 0.0327485380 0.0467836257
0 0.2754385965 0.1619883041 0.0269005848 0.0409356725
0 0.4684210526 0.1350877193 0.0409356725 0.0432748538
0 0.6122807018 0.1339181287 0.0596491228 0.0385964912
0 0.8549707602 0.1877192982 0.0538011696 0.0502923977
0 0.3169590643 0.3058479532 0.0374269006 0.0385964912
0 0.4017543860 0.2672514620 0.0432748538 0.0409356725
0 0.2660818713 0.3654970760 0.0292397661 0.0292397661
0 0.2970760234 0.3918128655 0.0304093567 0.0210526316
0 0.2783625731 0.4076023392 0.0327485380 0.0292397661
0 0.2900584795 0.3304093567 0.0350877193 0.0292397661
0 0.4070175439 0.4116959064 0.0350877193 0.0397660819
0 0.5169590643 0.3321637427 0.0280701754 0.0467836257
0 0.5397660819 0.3900584795 0.0409356725 0.0456140351
0 0.4865497076 0.3842105263 0.0350877193 0.0409356725
0 0.9105263158 0.3543859649 0.0456140351 0.0304093567
0 0.9269005848 0.4192982456 0.0385964912 0.0479532164
0 0.2163742690 0.4654970760 0.0280701754 0.0304093567
0 0.2859649123 0.4514619883 0.0269005848 0.0467836257
0 0.2584795322 0.4818713450 0.0210526316 0.0233918129
0 0.3134502924 0.5321637427 0.0421052632 0.0654970760
0 0.3128654971 0.4309941520 0.0339181287 0.0432748538
0 0.4356725146 0.5321637427 0.0292397661 0.0491228070
0 0.4637426901 0.4672514620 0.0269005848 0.0432748538
0 0.4894736842 0.4935672515 0.0362573099 0.0304093567
0 0.5520467836 0.4923976608 0.0327485380 0.0397660819
0 0.5421052632 0.4444444444 0.0339181287 0.0444444444
0 0.5157894737 0.5192982456 0.0467836257 0.0257309942
0 0.1923976608 0.5345029240 0.0292397661 0.0561403509
0 0.2766081871 0.5380116959 0.0292397661 0.0374269006
0 0.4777777778 0.6269005848 0.0456140351 0.0491228070
0 0.5111111111 0.5619883041 0.0280701754 0.0456140351
0 0.5438596491 0.5701754386 0.0327485380 0.0385964912
0 0.5456140351 0.6157894737 0.0385964912 0.0385964912
0 0.6233918129 0.6175438596 0.0210526316 0.0397660819
0 0.5982456140 0.6087719298 0.0292397661 0.0456140351
0 0.2350877193 0.6421052632 0.0233918129 0.0257309942
0 0.2690058480 0.6730994152 0.0304093567 0.0385964912
0 0.5777777778 0.6497076023 0.0327485380 0.0339181287
0 0.6368421053 0.6789473684 0.0292397661 0.0456140351
0 0.5742690058 0.7064327485 0.0327485380 0.0467836257
0 0.5953216374 0.6842105263 0.0350877193 0.0374269006
0 0.6491228070 0.7304093567 0.0397660819 0.0479532164
0 0.8923976608 0.6426900585 0.0444444444 0.0385964912
0 0.9192982456 0.6777777778 0.0350877193 0.0502923977
0 0.5725146199 0.8198830409 0.0385964912 0.0304093567
0 0.7181286550 0.8251461988 0.0280701754 0.0292397661
0 0.5614035088 0.9292397661 0.0257309942 0.0385964912
0 0.6087719298 0.8631578947 0.0292397661 0.0421052632
0 0.8596491228 0.9052631579 0.0397660819 0.0374269006
0 0.8426900585 0.8695906433 0.0432748538 0.0362573099
0 0.5444444444 0.9865497076 0.0222222222 0.0269005848
0 0.8707602339 0.9812865497 0.0315789474 0.0374269006
0 0.2795321637 0.7713450292 0.0257309942 0.0269005848
0 0.2807017544 0.7204678363 0.0210526316 0.0350877193
