0 0.0639204545 0.0142045455 0.0482954545 0.0284090909
0 0.0113636364 0.0213068182 0.0227272727 0.0426136364
0 0.1590909091 0.0255681818 0.1306818182 0.0511363636
0 0.4346590909 0.0326704545 0.0397727273 0.0596590909
0 0.5071022727 0.0511363636 0.0539772727 0.0340909091
0 0.6008522727 0.0781250000 0.0596590909 0.0369318182
0 0.7741477273 0.0213068182 0.0823863636 0.0426136364
0 0.7372159091 0.0610795455 0.0767045455 0.0596590909
0 0.9346590909 0.0440340909 0.0568181818 0.0482954545
0 0.0724431818 0.1193181818 0.0426136364 0.0340909091
0 0.2258522727 0.1150568182 0.0426136364 0.0426136364
0 0.2755681818 0.1164772727 0.0511363636 0.0454545455
0 0.3849431818 0.1946022727 0.0482954545 0.0653409091
0 0.3437500000 0.1136363636 0.0454545455 0.0511363636
0 0.5170454545 0.1747159091 0.0625000000 0.0653409091
0 0.5909090909 0.1250000000 0.0625000000 0.0568181818
0 0.7301136364 0.1732954545 0.0625000000 0.0511363636
0 0.7982954545 0.1832386364 0.0738636364 0.0880681818
0 0.9247159091 0.1264204545 0.0426136364 0.0312500000
0 0.9857954545 0.1022727273 0.0284090909 0.0511363636
0 0.0383522727 0.2215909091 0.0539772727 0.0397727273
0 0.6406250000 0.2230113636 0.0937500000 0.0994318182
0 0.8508522727 0.2968750000 0.0482954545 0.0482954545
0 0.7230113636 0.2542613636 0.0823863636 0.0880681818
0 0.9730113636 0.2414772727 0.0539772727 0.0965909091
0 0.8906250000 0.2272727273 0.0482954545 0.0625000000
0 0.4460227273 0.3309659091 0.0397727273 0.0426136364
0 0.3494318182 0.3494318182 0.0681818182 0.0625000000
0 0.6534090909 0.3252840909 0.0284090909 0.0539772727
0 0.5980113636 0.3721590909 0.0369318182 0.0454545455
0 0.7144886364 0.3352272727 0.0653409091 0.0795454545
0 0.7670454545 0.3522727273 0.0397727273 0.0795454545
0 0.9872159091 0.3281250000 0.0255681818 0.0482954545
0 0.9176136364 0.3664772727 0.0511363636 0.0568181818
0 0.2485795455 0.4886363636 0.0369318182 0.0397727273
0 0.4659090909 0.4161931818 0.0454545455 0.0482954545
0 0.3366477273 0.4488636364 0.0767045455 0.0625000000
0 0.3934659091 0.4048295455 0.0369318182 0.0596590909
0 0.6349431818 0.4332386364 0.0369318182 0.0596590909
0 0.8437500000 0.4318181818 0.0454545455 0.0568181818
0 0.7485795455 0.4261363636 0.0426136364 0.0454545455
0 0.9062500000 0.4531250000 0.0454545455 0.0596590909
0 0.9928977273 0.4559659091 0.0142045455 0.0539772727
0 0.1207386364 0.5397727273 0.0482954545 0.0340909091
0 0.4318181818 0.5440340909 0.0738636364 0.0823863636
0 0.3522727273 0.5255681818 0.0454545455 0.0340909091
0 0.8394886364 0.5539772727 0.0880681818 0.0511363636
0 0.9261363636 0.5284090909 0.0511363636 0.0625000000
0 0.0838068182 0.7017045455 0.0426136364 0.0454545455
0 0.1519886364 0.6491477273 0.0596590909 0.0482954545
0 0.2812500000 0.6250000000 0.0625000000 0.0852272727
0 0.2954545455 0.6974431818 0.0454545455 0.0482954545
0 0.4588068182 0.6803977273 0.0369318182 0.0426136364
0 0.5340909091 0.6875000000 0.0625000000 0.0738636364
0 0.8039772727 0.6377840909 0.0909090909 0.0653409091
0 0.0184659091 0.7855113636 0.0369318182 0.0596590909
0 0.2244318182 0.7883522727 0.0454545455 0.0482954545
0 0.3735795455 0.7187500000 0.0710227273 0.0681818182
0 0.4062500000 0.7883522727 0.0965909091 0.0880681818
0 0.5596590909 0.7542613636 0.0568181818 0.0596590909
0 0.9644886364 0.7144886364 0.0539772727 0.0482954545
0 0.9559659091 0.7670454545 0.0596590909 0.0397727273
0 0.8892045455 0.7500000000 0.0568181818 0.1022727273
0 0.1008522727 0.8366477273 0.0767045455 0.0539772727
0 0.2840909091 0.8380681818 0.0397727273 0.0397727273
0 0.4289772727 0.8423295455 0.0397727273 0.0596590909
0 0.4559659091 0.8991477273 0.0539772727 0.0596590909
0 0.5539772727 0.8309659091 0.0568181818 0.0482954545
0 0.7542613636 0.8494318182 0.0596590909 0.0909090909
0 0.6860795455 0.8607954545 0.0539772727 0.0397727273
0 0.0127840909 0.9744318182 0.0255681818 0.0397727273
0 0.1065340909 0.9715909091 0.0710227273 0.0568181818
0 0.2926136364 0.9715909091 0.0738636364 0.0568181818
0 0.7002840909 0.9389204545 0.0539772727 0.0539772727
0 0.5823863636 0.4857954545 0.0454545455 0.0511363636
0 0.5468750000 0.4275568182 0.0312500000 0.0426136364
0 0.0724431818 0.1718750000 0.0369318182 0.0369318182
0 0.1178977273 0.2045454545 0.0369318182 0.0340909091
0 0.0255681818 0.4502840909 0.0511363636 0.0596590909
0 0.0241477273 0.4985795455 0.0312500000 0.0596590909
0 0.0994318182 0.3181818182 0.0625000000 0.0397727273
0 0.1420454545 0.3707386364 0.0340909091 0.0312500000
0 0.0596590909 0.3707386364 0.0568181818 0.0767045455
0 0.0127840909 0.3877840909 0.0255681818 0.0312500000
