0 0.6123321123 0.2411477411 0.0891330891 0.1037851038
0 0.6862026862 0.2789987790 0.0927960928 0.0842490842
0 0.7277167277 0.1965811966 0.1147741148 0.0561660562
0 0.6617826618 0.0268620269 0.0757020757 0.0537240537
0 0.5421245421 0.1288156288 0.0561660562 0.1282051282
0 0.4322344322 0.0714285714 0.0439560440 0.0866910867
0 0.2851037851 0.3717948718 0.0598290598 0.1257631258
0 0.2094017094 0.2759462759 0.0647130647 0.1123321123
0 0.1391941392 0.2979242979 0.0976800977 0.0659340659
0 0.0763125763 0.1898656899 0.0671550672 0.1037851038
0 0.1349206349 0.5311355311 0.0695970696 0.1196581197
0 0.0579975580 0.4755799756 0.0573870574 0.0940170940
0 0.0586080586 0.3534798535 0.0463980464 0.1159951160
0 0.0134310134 0.4529914530 0.0268620269 0.0976800977
0 0.0793650794 0.6678876679 0.1074481074 0.0927960928
0 0.2246642247 0.6526251526 0.0488400488 0.1330891331
0 0.2997557998 0.6691086691 0.0622710623 0.1050061050
0 0.4041514042 0.7087912088 0.0903540904 0.0989010989
0 0.4731379731 0.7356532357 0.0647130647 0.1086691087
0 0.5940170940 0.8272283272 0.0940170940 0.0940170940
0 0.6904761905 0.7844932845 0.0744810745 0.1135531136
0 0.6996336996 0.9139194139 0.1025641026 0.0622710623
0 0.7789987790 0.6825396825 0.0708180708 0.1025641026
0 0.8351648352 0.6855921856 0.0610500611 0.1086691087
0 0.9590964591 0.7197802198 0.0818070818 0.0744810745
0 0.5641025641 0.5525030525 0.0781440781 0.1208791209
0 0.4261294261 0.6037851038 0.0439560440 0.1233211233
0 0.3626373626 0.5976800977 0.0732600733 0.1013431013
0 0.3943833944 0.5018315018 0.1294261294 0.0610500611
