0 0.3269230769 0.0836120401 0.0618729097 0.0535117057
0 0.4924749164 0.0668896321 0.0484949833 0.0668896321
0 0.9255852843 0.0593645485 0.0719063545 0.0685618729
0 0.3678929766 0.1998327759 0.0702341137 0.0585284281
0 0.5944816054 0.2073578595 0.0652173913 0.0602006689
0 0.2575250836 0.3520066890 0.0434782609 0.0418060201
0 0.2299331104 0.4222408027 0.0451505017 0.0384615385
0 0.4665551839 0.3494983278 0.0602006689 0.0568561873
0 0.6003344482 0.3762541806 0.0702341137 0.0635451505
0 0.2173913043 0.5443143813 0.0568561873 0.0484949833
0 0.2943143813 0.6145484950 0.0501672241 0.0752508361
0 0.4682274247 0.6003344482 0.0468227425 0.0668896321
0 0.4172240803 0.5610367893 0.0384615385 0.0585284281
0 0.6931438127 0.5225752508 0.0585284281 0.0618729097
0 0.8988294314 0.5209030100 0.0852842809 0.0551839465
0 0.4765886288 0.7667224080 0.0535117057 0.0551839465
0 0.5978260870 0.7115384615 0.0618729097 0.0585284281
0 0.4038461538 0.8520066890 0.0418060201 0.0418060201
0 0.4481605351 0.8896321070 0.0434782609 0.0301003344
0 0.4214046823 0.9122073579 0.0468227425 0.0418060201
0 0.4381270903 0.8018394649 0.0501672241 0.0418060201
0 0.6053511706 0.9180602007 0.0501672241 0.0568561873
0 0.7625418060 0.8043478261 0.0401337793 0.0668896321
0 0.7951505017 0.8871237458 0.0585284281 0.0652173913
0 0.7190635452 0.8787625418 0.0501672241 0.0585284281
0 0.3327759197 0.9866220736 0.0401337793 0.0267558528
0 0.4322742475 0.9707357860 0.0384615385 0.0585284281
0 0.4707357860 0.9456521739 0.0484949833 0.0618729097
0 0.6864548495 0.9832775920 0.0384615385 0.0334448161
0 0.7984949833 0.9648829431 0.0484949833 0.0635451505
