0 0.7463592233 0.9429611650 0.0412621359 0.0509708738
0 0.0097087379 0.6929611650 0.0194174757 0.0412621359
0 0.1516990291 0.4781553398 0.0266990291 0.0291262136
0 0.1371359223 0.4405339806 0.0315533981 0.0412621359
0 0.3349514563 0.3070388350 0.0291262136 0.0412621359
0 0.7912621359 0.4308252427 0.0388349515 0.0364077670
0 0.8531553398 0.4126213592 0.0412621359 0.0339805825
0 0.8968446602 0.4599514563 0.0412621359 0.0509708738
0 0.5849514563 0.5910194175 0.0582524272 0.0266990291
0 0.5024271845 0.5740291262 0.0485436893 0.0315533981
0 0.5983009709 0.4878640777 0.0218446602 0.0339805825
0 0.5279126214 0.0558252427 0.0315533981 0.0339805825
0 0.5303398058 0.0194174757 0.0315533981 0.0388349515
0 0.5631067961 0.0351941748 0.0194174757 0.0364077670
0 0.5643203883 0.0813106796 0.0218446602 0.0315533981
0 0.6152912621 0.0631067961 0.0218446602 0.0291262136
0 0.6152912621 0.1966019417 0.0315533981 0.0388349515
0 0.6650485437 0.1043689320 0.0291262136 0.0339805825
0 0.7026699029 0.1504854369 0.0266990291 0.0388349515
0 0.7451456311 0.2269417476 0.0242718447 0.0315533981
0 0.6808252427 0.2148058252 0.0218446602 0.0218446602
0 0.5606796117 0.3604368932 0.0194174757 0.0364077670
0 0.7560679612 0.0885922330 0.0315533981 0.0412621359
0 0.7864077670 0.0898058252 0.0291262136 0.0339805825
0 0.7973300971 0.0473300971 0.0266990291 0.0412621359
0 0.7402912621 0.1929611650 0.0242718447 0.0364077670
