0 0.1638613861 0.0257425743 0.0366336634 0.0316831683
0 0.2618811881 0.0178217822 0.0287128713 0.0356435644
0 0.5183168317 0.0158415842 0.0425742574 0.0316831683
0 0.6376237624 0.0128712871 0.0475247525 0.0257425743
0 0.7108910891 0.0485148515 0.0336633663 0.0396039604
0 0.7495049505 0.0311881188 0.0396039604 0.0346534653
0 0.8118811881 0.0316831683 0.0435643564 0.0316831683
0 0.1881188119 0.0945544554 0.0415841584 0.0346534653
0 0.3222772277 0.0990099010 0.0386138614 0.0356435644
0 0.6450495050 0.1589108911 0.0465346535 0.0267326733
0 0.7094059406 0.1762376238 0.0386138614 0.0297029703
0 0.8118811881 0.1475247525 0.0475247525 0.0257425743
0 0.1227722772 0.1846534653 0.0257425743 0.0247524752
0 0.1064356436 0.2262376238 0.0267326733 0.0227722772
0 0.2465346535 0.1831683168 0.0356435644 0.0336633663
0 0.3257425743 0.1990099010 0.0415841584 0.0376237624
0 0.7054455446 0.2648514851 0.0405940594 0.0267326733
0 0.0990099010 0.2985148515 0.0336633663 0.0287128713
0 0.1445544554 0.3400990099 0.0297029703 0.0445544554
0 0.2475247525 0.3316831683 0.0277227723 0.0396039604
0 0.2173267327 0.3084158416 0.0227722772 0.0346534653
0 0.3806930693 0.2856435644 0.0346534653 0.0366336634
0 0.5024752475 0.2846534653 0.0504950495 0.0326732673
0 0.7079207921 0.3301980198 0.0455445545 0.0425742574
0 0.2524752475 0.4301980198 0.0316831683 0.0326732673
0 0.3242574257 0.3975247525 0.0366336634 0.0346534653
0 0.2094059406 0.4806930693 0.0247524752 0.0247524752
0 0.2356435644 0.5029702970 0.0257425743 0.0178217822
0 0.2198019802 0.5163366337 0.0277227723 0.0247524752
0 0.2297029703 0.4509900990 0.0297029703 0.0247524752
0 0.3287128713 0.5198019802 0.0297029703 0.0336633663
0 0.4217821782 0.4524752475 0.0237623762 0.0396039604
0 0.4410891089 0.5014851485 0.0346534653 0.0386138614
0 0.3960396040 0.4965346535 0.0297029703 0.0346534653
0 0.7549504950 0.4712871287 0.0386138614 0.0257425743
0 0.7688118812 0.5262376238 0.0326732673 0.0405940594
0 0.1673267327 0.5653465347 0.0237623762 0.0257425743
0 0.2262376238 0.5534653465 0.0227722772 0.0396039604
0 0.2495049505 0.6217821782 0.0356435644 0.0554455446
0 0.2490099010 0.5361386139 0.0287128713 0.0366336634
0 0.3529702970 0.6217821782 0.0247524752 0.0415841584
0 0.3767326733 0.5668316832 0.0227722772 0.0366336634
0 0.3985148515 0.5891089109 0.0306930693 0.0257425743
0 0.4514851485 0.5881188119 0.0277227723 0.0336633663
0 0.4430693069 0.5475247525 0.0287128713 0.0376237624
0 0.4207920792 0.6108910891 0.0396039604 0.0217821782
0 0.8435643564 0.5386138614 0.0277227723 0.0297029703
0 0.1470297030 0.6237623762 0.0247524752 0.0475247525
0 0.2183168317 0.6267326733 0.0247524752 0.0316831683
0 0.3886138614 0.7019801980 0.0386138614 0.0415841584
0 0.4168316832 0.6470297030 0.0237623762 0.0386138614
0 0.4445544554 0.6539603960 0.0277227723 0.0326732673
0 0.4460396040 0.6925742574 0.0326732673 0.0326732673
0 0.5118811881 0.6940594059 0.0178217822 0.0336633663
0 0.4905940594 0.6866336634 0.0247524752 0.0386138614
0 0.1831683168 0.7148514851 0.0198019802 0.0217821782
0 0.2118811881 0.7410891089 0.0257425743 0.0326732673
0 0.4732673267 0.7212871287 0.0277227723 0.0287128713
0 0.5232673267 0.7460396040 0.0247524752 0.0386138614
0 0.4702970297 0.7693069307 0.0277227723 0.0396039604
0 0.4881188119 0.7504950495 0.0297029703 0.0316831683
0 0.5336633663 0.7896039604 0.0336633663 0.0405940594
0 0.7396039604 0.7153465347 0.0376237624 0.0326732673
0 0.7623762376 0.7450495050 0.0297029703 0.0425742574
0 0.4688118812 0.8653465347 0.0326732673 0.0257425743
0 0.5920792079 0.8698019802 0.0237623762 0.0247524752
0 0.4594059406 0.9579207921 0.0217821782 0.0326732673
0 0.4995049505 0.9019801980 0.0247524752 0.0356435644
0 0.7118811881 0.9376237624 0.0336633663 0.0316831683
0 0.6975247525 0.9074257426 0.0366336634 0.0306930693
0 0.7212871287 0.9930693069 0.0267326733 0.0138613861
0 0.2207920792 0.8242574257 0.0217821782 0.0227722772
0 0.2217821782 0.7811881188 0.0178217822 0.0297029703
0 0.2217821782 0.7811881188 0.0178217822 0.0297029703
