0 0.3022774327 0.6314699793 0.0828157350 0.1118012422
0 0.6542443064 0.5683229814 0.0869565217 0.0890269151
0 0.5900621118 0.6397515528 0.0703933747 0.0579710145
0 0.5041407867 0.7888198758 0.0973084886 0.0745341615
0 0.4047619048 0.7939958592 0.0724637681 0.0641821946
0 0.6563146998 0.9834368530 0.0869565217 0.0331262940
0 0.7225672878 0.9616977226 0.0910973085 0.0641821946
0 0.6118012422 0.9078674948 0.1014492754 0.0724637681
0 0.5165631470 0.9627329193 0.1138716356 0.0579710145
0 0.6997929607 0.8861283644 0.0745341615 0.0538302277
0 0.7670807453 0.8416149068 0.0931677019 0.0724637681
0 0.8250517598 0.8022774327 0.0890269151 0.0600414079
0 0.8167701863 0.7463768116 0.0683229814 0.0600414079
0 0.9078674948 0.7039337474 0.0848861284 0.0745341615
0 0.8084886128 0.6552795031 0.1180124224 0.0517598344
0 0.7722567288 0.6086956522 0.0828157350 0.0662525880
0 0.6821946170 0.6325051760 0.0807453416 0.0641821946
0 0.6749482402 0.7184265010 0.0662525880 0.0910973085
0 0.7380952381 0.7256728778 0.0683229814 0.0890269151
0 0.9917184265 0.3436853002 0.0165631470 0.0621118012
0 0.9513457557 0.2836438923 0.0890269151 0.0662525880
0 0.9472049689 0.2225672878 0.0890269151 0.0517598344
0 0.8219461698 0.2132505176 0.0703933747 0.0786749482
0 0.9057971014 0.1345755694 0.0766045549 0.0496894410
0 0.9275362319 0.0797101449 0.0910973085 0.0600414079
0 0.9906832298 0.1252587992 0.0186335404 0.0848861284
