0 0.2617302053 0.9076246334 0.0542521994 0.0381231672
0 0.2302052786 0.8174486804 0.0381231672 0.0366568915
0 0.1950146628 0.7316715543 0.0351906158 0.0469208211
0 0.9882697947 0.2214076246 0.0234604106 0.0586510264
0 0.9758064516 0.0241935484 0.0307917889 0.0483870968
0 0.7602639296 0.0102639296 0.0659824047 0.0205278592
0 0.6107038123 0.0153958944 0.0542521994 0.0307917889
0 0.3629032258 0.6099706745 0.0454545455 0.0469208211
0 0.3687683284 0.8548387097 0.0571847507 0.0439882698
0 0.4083577713 0.9890029326 0.0542521994 0.0219941349
