0 0.8389679715 0.5898576512 0.0373665480 0.0480427046
0 0.7126334520 0.7749110320 0.0302491103 0.0444839858
0 0.7393238434 0.7838078292 0.0302491103 0.0480427046
0 0.9848754448 0.4501779359 0.0302491103 0.0569395018
0 0.9857651246 0.3843416370 0.0284697509 0.0604982206
0 0.6583629893 0.1530249110 0.0533807829 0.0533807829
0 0.2295373665 0.3932384342 0.0569395018 0.0320284698
0 0.1334519573 0.3007117438 0.0320284698 0.0533807829
0 0.0222419929 0.5284697509 0.0338078292 0.0569395018
0 0.1023131673 0.5765124555 0.0480427046 0.0498220641
0 0.0338078292 0.6343416370 0.0284697509 0.0658362989
0 0.3167259786 0.5747330961 0.0498220641 0.0391459075
0 0.7215302491 0.6797153025 0.0266903915 0.0427046263
0 0.1209964413 0.0987544484 0.0498220641 0.0480427046
0 0.1895017794 0.0880782918 0.0444839858 0.0409252669
0 0.2989323843 0.0729537367 0.0427046263 0.0355871886
0 0.2188612100 0.2055160142 0.0391459075 0.0373665480
