0 0.6523702032 0.4424379233 0.0316027088 0.0361173815
0 0.5485327314 0.4503386005 0.0316027088 0.0248306998
0 0.7404063205 0.4853273138 0.0225733634 0.0270880361
0 0.5778781038 0.5812641084 0.0270880361 0.0248306998
0 0.7009029345 0.2686230248 0.0338600451 0.0270880361
0 0.4390519187 0.2404063205 0.0338600451 0.0293453725
0 0.4717832957 0.0112866817 0.0406320542 0.0225733634
0 0.4232505643 0.0812641084 0.0248306998 0.0270880361
0 0.1388261851 0.6331828442 0.0293453725 0.0383747178
0 0.5158013544 0.6489841986 0.0203160271 0.0248306998
0 0.5395033860 0.6546275395 0.0180586907 0.0270880361
0 0.6343115124 0.6670428894 0.0180586907 0.0293453725
0 0.6512415350 0.6884875847 0.0158013544 0.0270880361
0 0.7652370203 0.9029345372 0.0316027088 0.0316027088
0 0.7618510158 0.7753950339 0.0248306998 0.0248306998
0 0.8939051919 0.9909706546 0.0270880361 0.0180586907
0 0.5079006772 0.9909706546 0.0270880361 0.0180586907
0 0.0586907449 0.3363431151 0.0270880361 0.0270880361
