0 0.5105580694 0.5233785822 0.1463046757 0.0663650075
0 0.5218702866 0.3461538462 0.0935143288 0.1402714932
0 0.6244343891 0.2450980392 0.1236802413 0.1040723982
0 0.4389140271 0.0686274510 0.0965309201 0.1372549020
0 0.3491704374 0.2699849170 0.0859728507 0.1176470588
0 0.2737556561 0.3386123680 0.0618401207 0.1010558069
0 0.1470588235 0.3604826546 0.0980392157 0.1236802413
0 0.0920060332 0.2232277526 0.0542986425 0.1176470588
0 0.0294117647 0.1365007541 0.0588235294 0.0829562594
0 0.0610859729 0.9698340875 0.1221719457 0.0603318250
0 0.6825037707 0.6123680241 0.1463046757 0.0844645551
0 0.7843137255 0.6840120664 0.0814479638 0.1282051282
0 0.8687782805 0.7202111614 0.0874811463 0.1282051282
0 0.9607843137 0.7767722474 0.0723981900 0.1327300151
0 0.7217194570 0.8046757164 0.1432880845 0.1010558069
0 0.8861236802 0.9404223228 0.1463046757 0.1070889894
0 0.8612368024 0.5588235294 0.0633484163 0.1402714932
0 0.6998491704 0.5128205128 0.1357466063 0.0603318250
0 0.7526395173 0.4004524887 0.1297134238 0.1010558069
0 0.8763197587 0.3702865762 0.0663650075 0.1221719457
0 0.9524886878 0.4969834087 0.0950226244 0.0708898944
