0 0.8845381526 0.8504016064 0.0582329317 0.0542168675
0 0.7851405622 0.8092369478 0.0562248996 0.0522088353
0 0.9156626506 0.7048192771 0.0522088353 0.0602409639
0 0.7730923695 0.6646586345 0.0481927711 0.0361445783
0 0.7369477912 0.7289156627 0.0401606426 0.0562248996
0 0.6777108434 0.7349397590 0.0863453815 0.0562248996
0 0.5883534137 0.6244979920 0.0361445783 0.0682730924
0 0.5823293173 0.7429718876 0.0522088353 0.0441767068
0 0.5391566265 0.8253012048 0.0662650602 0.0682730924
0 0.4608433735 0.9026104418 0.0381526104 0.0582329317
0 0.3724899598 0.9357429719 0.0421686747 0.0562248996
0 0.5100401606 0.9809236948 0.1004016064 0.0381526104
0 0.7791164659 0.8965863454 0.0682730924 0.0582329317
0 0.7148594378 0.9608433735 0.0281124498 0.0381526104
0 0.1787148594 0.9819277108 0.0481927711 0.0361445783
0 0.2008032129 0.9136546185 0.0361445783 0.0522088353
0 0.1626506024 0.8403614458 0.0522088353 0.0582329317
0 0.2228915663 0.7991967871 0.0562248996 0.0722891566
0 0.0431726908 0.5983935743 0.0461847390 0.0522088353
0 0.0070281124 0.1726907631 0.0140562249 0.0562248996
0 0.3032128514 0.1626506024 0.0281124498 0.0401606426
0 0.2961847390 0.3092369478 0.0582329317 0.0441767068
0 0.3463855422 0.4146586345 0.0461847390 0.0582329317
0 0.5441767068 0.4588353414 0.0401606426 0.0461847390
0 0.3594377510 0.5240963855 0.0843373494 0.0562248996
0 0.3674698795 0.6455823293 0.0562248996 0.0461847390
0 0.3232931727 0.6787148594 0.0562248996 0.0401606426
0 0.3212851406 0.7540160643 0.0522088353 0.0582329317
0 0.6586345382 0.4779116466 0.0441767068 0.0281124498
0 0.6485943775 0.4457831325 0.0562248996 0.0321285141
0 0.5672690763 0.4036144578 0.0502008032 0.0562248996
0 0.7911646586 0.4558232932 0.0441767068 0.0562248996
0 0.8704819277 0.4578313253 0.0542168675 0.0522088353
0 0.8694779116 0.3865461847 0.0481927711 0.0461847390
0 0.8022088353 0.3704819277 0.0622489960 0.0381526104
0 0.8303212851 0.3273092369 0.0502008032 0.0441767068
0 0.8002008032 0.2740963855 0.0421686747 0.0421686747
0 0.9668674699 0.2801204819 0.0622489960 0.0502008032
0 0.9859437751 0.3564257028 0.0281124498 0.0542168675
0 0.9437751004 0.4467871486 0.0441767068 0.0421686747
0 0.9718875502 0.4759036145 0.0481927711 0.0441767068
0 0.9718875502 0.6234939759 0.0562248996 0.0702811245
0 0.9337349398 0.6114457831 0.0321285141 0.0542168675
0 0.8654618474 0.5702811245 0.0562248996 0.0481927711
0 0.8182730924 0.5552208835 0.0421686747 0.0502008032
0 0.8092369478 0.5190763052 0.0562248996 0.0421686747
0 0.7680722892 0.4829317269 0.0461847390 0.0461847390
0 0.7590361446 0.5210843373 0.0361445783 0.0502008032
0 0.7469879518 0.5753012048 0.0441767068 0.0622489960
0 0.2339357430 0.4026104418 0.0542168675 0.0301204819
0 0.5090361446 0.3022088353 0.0702811245 0.0702811245
0 0.5190763052 0.2068273092 0.0542168675 0.0562248996
0 0.5512048193 0.1425702811 0.0461847390 0.0481927711
0 0.4909638554 0.0923694779 0.0662650602 0.0722891566
0 0.4166666667 0.0160642570 0.0461847390 0.0321285141
0 0.8383534137 0.0632530120 0.0421686747 0.0502008032
0 0.9076305221 0.0532128514 0.0522088353 0.0381526104
0 0.9708835341 0.1295180723 0.0582329317 0.0542168675
0 0.9287148594 0.1797188755 0.0542168675 0.0341365462
0 0.8544176707 0.9487951807 0.0301204819 0.0341365462
