0 0.7072490706 0.5195167286 0.0315985130 0.0390334572
0 0.5018587361 0.6263940520 0.0334572491 0.0260223048
0 0.8791821561 0.7407063197 0.0334572491 0.0278810409
0 0.0743494424 0.9219330855 0.0260223048 0.0260223048
0 0.1970260223 0.9042750929 0.0334572491 0.0204460967
0 0.1728624535 0.8392193309 0.0260223048 0.0204460967
0 0.0882899628 0.8001858736 0.0204460967 0.0315985130
0 0.5250929368 0.9228624535 0.0278810409 0.0278810409
0 0.6802973978 0.7379182156 0.0297397770 0.0223048327
0 0.1394052045 0.3280669145 0.0223048327 0.0315985130
0 0.2518587361 0.1635687732 0.0204460967 0.0223048327
0 0.2407063197 0.1347583643 0.0241635688 0.0315985130
0 0.3921933086 0.0325278810 0.0223048327 0.0315985130
0 0.7416356877 0.1273234201 0.0297397770 0.0278810409
0 0.7890334572 0.1133828996 0.0315985130 0.0260223048
0 0.8224907063 0.1496282528 0.0315985130 0.0390334572
0 0.5836431227 0.2500000000 0.0446096654 0.0204460967
0 0.5204460967 0.2369888476 0.0371747212 0.0241635688
0 0.5938661710 0.1710037175 0.0167286245 0.0260223048
0 0.5650557621 0.0734200743 0.0148698885 0.0278810409
0 0.1979553903 0.5697026022 0.0167286245 0.0241635688
0 0.3680297398 0.6524163569 0.0223048327 0.0185873606
0 0.3680297398 0.6524163569 0.0223048327 0.0185873606
