0 0.3525305410 0.9790575916 0.0279232112 0.0314136126
0 0.5357766143 0.8996509599 0.0279232112 0.0226876091
0 0.3089005236 0.9912739965 0.0314136126 0.0174520070
0 0.2303664921 0.9118673647 0.0279232112 0.0296684119
0 0.1570680628 0.9083769634 0.0279232112 0.0261780105
0 0.3996509599 0.8280977312 0.0383944154 0.0471204188
0 0.4764397906 0.7495636998 0.0314136126 0.0366492147
0 0.5497382199 0.7731239092 0.0314136126 0.0314136126
0 0.5506108202 0.8438045375 0.0261780105 0.0296684119
0 0.7958115183 0.6640488656 0.0279232112 0.0296684119
0 0.8411867365 0.6326352531 0.0279232112 0.0296684119
0 0.7643979058 0.5951134380 0.0314136126 0.0244328098
0 0.7513089005 0.5654450262 0.0296684119 0.0279232112
0 0.5558464223 0.5689354276 0.0261780105 0.0279232112
0 0.5113438045 0.5575916230 0.0314136126 0.0296684119
0 0.9083769634 0.5767888307 0.0261780105 0.0261780105
0 0.9380453752 0.5715532286 0.0261780105 0.0226876091
0 0.9694589878 0.7879581152 0.0296684119 0.0226876091
0 0.1151832461 0.4572425829 0.0418848168 0.0418848168
0 0.1719022688 0.7513089005 0.0471204188 0.0366492147
0 0.0820244328 0.7268760908 0.0314136126 0.0541012216
0 0.0113438045 0.7146596859 0.0226876091 0.0226876091
0 0.6221640489 0.4476439791 0.0261780105 0.0471204188
0 0.6867364747 0.3909249564 0.0506108202 0.0453752182
0 0.7321116928 0.4432809773 0.0296684119 0.0209424084
0 0.7068062827 0.4685863874 0.0279232112 0.0261780105
0 0.6998254799 0.5235602094 0.0314136126 0.0349040140
0 0.8071553229 0.5061082024 0.0645724258 0.0558464223
0 0.9075043630 0.5253054101 0.0349040140 0.0279232112
0 0.7774869110 0.4136125654 0.0226876091 0.0349040140
0 0.7198952880 0.3420593368 0.0366492147 0.0523560209
0 0.6178010471 0.2609075044 0.0314136126 0.0296684119
0 0.6448516579 0.2966841187 0.0296684119 0.0349040140
0 0.6806282723 0.2539267016 0.0349040140 0.0366492147
0 0.7172774869 0.2190226876 0.0279232112 0.0296684119
0 0.7862129145 0.2827225131 0.0261780105 0.0314136126
0 0.8795811518 0.2801047120 0.0314136126 0.0191972077
0 0.9493891798 0.2827225131 0.0279232112 0.0314136126
0 0.8385689354 0.2146596859 0.0226876091 0.0279232112
0 0.5541012216 0.3080279232 0.0401396161 0.0401396161
0 0.4860383944 0.3542757417 0.0296684119 0.0314136126
0 0.3952879581 0.2783595113 0.0401396161 0.0261780105
0 0.5008726003 0.1143106457 0.0488656195 0.0436300175
0 0.5331588133 0.1588132635 0.0261780105 0.0209424084
0 0.9895287958 0.3630017452 0.0209424084 0.0349040140
0 0.9642233857 0.3219895288 0.0331588133 0.0261780105
0 0.4808027923 0.0122164049 0.0366492147 0.0244328098
0 0.4511343805 0.0244328098 0.0366492147 0.0453752182
0 0.7041884817 0.0113438045 0.0366492147 0.0226876091
0 0.9249563700 0.0907504363 0.0244328098 0.0209424084
0 0.9458987784 0.0750436300 0.0174520070 0.0244328098
0 0.2591623037 0.3970331588 0.0226876091 0.0261780105
0 0.3176265271 0.2801047120 0.0174520070 0.0331588133
0 0.1788830716 0.5148342059 0.0331588133 0.0314136126
0 0.2111692845 0.5497382199 0.0453752182 0.0488656195
0 0.3089005236 0.0095986038 0.0209424084 0.0191972077
