0 0.1532364597 0.0264200793 0.0396301189 0.0528401585
0 0.2906208719 0.0191545575 0.0369881110 0.0383091149
0 0.9048877147 0.0191545575 0.0607661823 0.0383091149
0 0.2972258917 0.1433289300 0.0422721268 0.0435931308
0 0.3929986790 0.0997357992 0.0488771466 0.0462351387
0 0.2397622193 0.2107001321 0.0330250991 0.0330250991
0 0.2747688243 0.2404227213 0.0343461030 0.0237780713
0 0.2536327609 0.2582562748 0.0369881110 0.0330250991
0 0.2668428005 0.1710700132 0.0396301189 0.0330250991
0 0.3989431968 0.2628797886 0.0396301189 0.0449141347
0 0.5231175694 0.1730515192 0.0317040951 0.0528401585
0 0.5488771466 0.2384412153 0.0462351387 0.0515191546
0 0.4887714663 0.2318361955 0.0396301189 0.0462351387
0 0.9676354029 0.1981505945 0.0515191546 0.0343461030
0 0.9821664465 0.2714663144 0.0356671070 0.0541611625
0 0.1836195509 0.3236459709 0.0317040951 0.0343461030
0 0.2622192867 0.3077939234 0.0303830911 0.0528401585
0 0.2311756935 0.3421400264 0.0237780713 0.0264200793
0 0.2932628798 0.3989431968 0.0475561427 0.0739762219
0 0.2926023778 0.2846763540 0.0383091149 0.0488771466
0 0.4313077939 0.3989431968 0.0330250991 0.0554821664
0 0.4630118890 0.3256274769 0.0303830911 0.0488771466
0 0.4920739762 0.3553500661 0.0409511229 0.0343461030
0 0.5627476882 0.3540290621 0.0369881110 0.0449141347
0 0.5515191546 0.2998678996 0.0383091149 0.0501981506
0 0.5217965654 0.3844121532 0.0528401585 0.0290620872
0 0.1565389696 0.4015852048 0.0330250991 0.0634081902
0 0.2516512550 0.4055482166 0.0330250991 0.0422721268
0 0.4788639366 0.5059445178 0.0515191546 0.0554821664
0 0.5165125495 0.4326287979 0.0317040951 0.0515191546
0 0.5535006605 0.4418758256 0.0369881110 0.0435931308
0 0.5554821664 0.4933949802 0.0435931308 0.0435931308
0 0.6433289300 0.4953764861 0.0237780713 0.0449141347
0 0.6149273448 0.4854689564 0.0330250991 0.0515191546
0 0.2047556143 0.5231175694 0.0264200793 0.0290620872
0 0.2430647292 0.5581241744 0.0343461030 0.0435931308
0 0.5918097754 0.5317040951 0.0369881110 0.0383091149
0 0.6585204756 0.5647291942 0.0330250991 0.0515191546
0 0.5878467635 0.5957727873 0.0369881110 0.0528401585
0 0.6116248349 0.5706737120 0.0396301189 0.0422721268
0 0.6723910172 0.6228533686 0.0449141347 0.0541611625
0 0.9471598415 0.5237780713 0.0501981506 0.0435931308
0 0.9775429326 0.5634081902 0.0396301189 0.0568031704
0 0.5858652576 0.7239101717 0.0435931308 0.0343461030
0 0.7503302510 0.7298546896 0.0317040951 0.0330250991
0 0.5733157199 0.8474240423 0.0290620872 0.0435931308
0 0.6268163804 0.7727873184 0.0330250991 0.0475561427
0 0.9101717305 0.8203434610 0.0449141347 0.0422721268
0 0.8910171731 0.7800528402 0.0488771466 0.0409511229
0 0.5541611625 0.9174372523 0.0250990753 0.0409511229
0 0.9227212682 0.9088507266 0.0356671070 0.0475561427
0 0.2549537649 0.6690885073 0.0290620872 0.0303830911
0 0.2562747688 0.6116248349 0.0237780713 0.0396301189
