0 0.4190476190 0.9323809524 0.0342857143 0.0400000000
0 0.4990476190 0.9580952381 0.0342857143 0.0342857143
0 0.7676190476 0.8390476190 0.0304761905 0.0323809524
0 0.8171428571 0.8047619048 0.0304761905 0.0323809524
0 0.7333333333 0.7638095238 0.0342857143 0.0266666667
0 0.7190476190 0.7314285714 0.0323809524 0.0304761905
0 0.5057142857 0.7352380952 0.0285714286 0.0304761905
0 0.4571428571 0.7228571429 0.0342857143 0.0323809524
0 0.8904761905 0.7438095238 0.0285714286 0.0285714286
0 0.9228571429 0.7380952381 0.0285714286 0.0247619048
0 0.9914285714 0.8104761905 0.0171428571 0.0285714286
0 0.9571428571 0.9742857143 0.0323809524 0.0247619048
0 0.0247619048 0.6133333333 0.0457142857 0.0457142857
0 0.0866666667 0.9342857143 0.0514285714 0.0400000000
0 0.5780952381 0.6028571429 0.0285714286 0.0514285714
0 0.6485714286 0.5409523810 0.0552380952 0.0495238095
0 0.6980952381 0.5980952381 0.0323809524 0.0228571429
0 0.6704761905 0.6257142857 0.0304761905 0.0285714286
0 0.6628571429 0.6857142857 0.0342857143 0.0380952381
0 0.7800000000 0.6666666667 0.0704761905 0.0609523810
0 0.8895238095 0.6876190476 0.0380952381 0.0304761905
0 0.7476190476 0.5657142857 0.0247619048 0.0380952381
0 0.6847619048 0.4876190476 0.0400000000 0.0571428571
0 0.5733333333 0.3990476190 0.0342857143 0.0323809524
0 0.6028571429 0.4380952381 0.0323809524 0.0380952381
0 0.6419047619 0.3914285714 0.0380952381 0.0400000000
0 0.6819047619 0.3533333333 0.0304761905 0.0323809524
0 0.7571428571 0.4228571429 0.0285714286 0.0342857143
0 0.8590476190 0.4200000000 0.0342857143 0.0209523810
0 0.9352380952 0.4228571429 0.0304761905 0.0342857143
0 0.8142857143 0.3485714286 0.0247619048 0.0304761905
0 0.5038095238 0.4504761905 0.0438095238 0.0438095238
0 0.4295238095 0.5009523810 0.0323809524 0.0342857143
0 0.3304761905 0.4180952381 0.0438095238 0.0285714286
0 0.4457142857 0.2390476190 0.0533333333 0.0476190476
0 0.4809523810 0.2876190476 0.0285714286 0.0228571429
0 0.9838095238 0.5104761905 0.0323809524 0.0380952381
0 0.9514285714 0.4657142857 0.0361904762 0.0285714286
0 0.4238095238 0.1095238095 0.0400000000 0.0628571429
0 0.3914285714 0.1409523810 0.0400000000 0.0495238095
0 0.6676190476 0.1200000000 0.0400000000 0.0380952381
0 0.7104761905 0.0685714286 0.0342857143 0.0304761905
0 0.7485714286 0.0876190476 0.0304761905 0.0342857143
0 0.9704761905 0.1076190476 0.0209523810 0.0285714286
0 0.9085714286 0.2133333333 0.0266666667 0.0228571429
0 0.9314285714 0.1961904762 0.0190476190 0.0266666667
0 0.1819047619 0.5476190476 0.0247619048 0.0285714286
0 0.2457142857 0.4200000000 0.0190476190 0.0361904762
0 0.0942857143 0.6761904762 0.0361904762 0.0342857143
0 0.1295238095 0.7142857143 0.0495238095 0.0533333333
0 0.2361904762 0.1209523810 0.0228571429 0.0285714286
0 0.2619047619 0.0409523810 0.0209523810 0.0247619048
