0 0.3151969981 0.6210131332 0.0750469043 0.1013133208
0 0.6341463415 0.5637898687 0.0787992495 0.0806754221
0 0.5759849906 0.6285178236 0.0637898687 0.0525328330
0 0.4981238274 0.7636022514 0.0881801126 0.0675422139
0 0.4080675422 0.7682926829 0.0656660413 0.0581613508
0 0.6360225141 0.9624765478 0.0787992495 0.0750469043
0 0.6960600375 0.9202626642 0.0825515947 0.0581613508
0 0.5956848030 0.8714821764 0.0919324578 0.0656660413
0 0.5093808630 0.9212007505 0.1031894934 0.0525328330
0 0.6754221388 0.8517823640 0.0675422139 0.0487804878
0 0.7363977486 0.8114446529 0.0844277674 0.0656660413
0 0.7889305816 0.7757973734 0.0806754221 0.0544090056
0 0.7814258912 0.7251407129 0.0619136961 0.0544090056
0 0.8639774859 0.6866791745 0.0769230769 0.0675422139
0 0.7739212008 0.6425891182 0.1069418386 0.0469043152
0 0.7410881801 0.6003752345 0.0750469043 0.0600375235
0 0.6594746717 0.6219512195 0.0731707317 0.0581613508
0 0.6529080675 0.6998123827 0.0600375235 0.0825515947
0 0.7101313321 0.7063789869 0.0619136961 0.0806754221
0 0.9662288931 0.3602251407 0.0675422139 0.0562851782
0 0.9662288931 0.2954971857 0.0487804878 0.0656660413
0 0.9033771107 0.3058161351 0.0806754221 0.0600375235
0 0.8996247655 0.2504690432 0.0806754221 0.0469043152
0 0.7861163227 0.2420262664 0.0637898687 0.0712945591
0 0.8621013133 0.1707317073 0.0694183865 0.0450281426
0 0.8818011257 0.1210131332 0.0825515947 0.0544090056
0 0.9652908068 0.1622889306 0.0694183865 0.0769230769
