0 0.6694736842 0.2463157895 0.0294736842 0.0336842105
0 0.5726315789 0.2536842105 0.0294736842 0.0231578947
0 0.7515789474 0.2863157895 0.0210526316 0.0252631579
0 0.6000000000 0.3757894737 0.0252631579 0.0231578947
0 0.7147368421 0.0842105263 0.0315789474 0.0252631579
0 0.4705263158 0.0578947368 0.0315789474 0.0273684211
0 0.1905263158 0.4242105263 0.0273684211 0.0357894737
0 0.0484210526 0.6421052632 0.0336842105 0.0210526316
0 0.0305263158 0.5336842105 0.0315789474 0.0315789474
0 0.5421052632 0.4389473684 0.0189473684 0.0231578947
0 0.5642105263 0.4442105263 0.0168421053 0.0252631579
0 0.6526315789 0.4557894737 0.0168421053 0.0273684211
0 0.6684210526 0.4757894737 0.0147368421 0.0252631579
0 0.7747368421 0.6757894737 0.0294736842 0.0294736842
0 0.7715789474 0.5568421053 0.0231578947 0.0231578947
0 0.8663157895 0.7789473684 0.0231578947 0.0336842105
0 0.8947368421 0.7663157895 0.0252631579 0.0336842105
0 0.9631578947 0.7894736842 0.0315789474 0.0252631579
0 0.9010526316 0.9915789474 0.0294736842 0.0168421053
0 0.9894736842 0.8852631579 0.0210526316 0.0484210526
0 0.7505263158 0.8210526316 0.0273684211 0.0252631579
0 0.6368421053 0.8115789474 0.0273684211 0.0315789474
0 0.5831578947 0.7863157895 0.0210526316 0.0315789474
0 0.5347368421 0.7652631579 0.0252631579 0.0315789474
0 0.1157894737 0.1473684211 0.0252631579 0.0252631579
0 0.1157894737 0.1473684211 0.0252631579 0.0252631579
