0 0.7290167866 0.7553956835 0.0335731415 0.0383693046
0 0.6187050360 0.7637889688 0.0335731415 0.0263788969
0 0.8225419664 0.8009592326 0.0239808153 0.0287769784
0 0.6498800959 0.9028776978 0.0287769784 0.0263788969
0 0.7805755396 0.5707434053 0.0359712230 0.0287769784
0 0.5023980815 0.5407673861 0.0359712230 0.0311750600
0 0.5371702638 0.2949640288 0.0431654676 0.0287769784
0 0.5635491607 0.2158273381 0.0335731415 0.0383693046
0 0.6594724221 0.2685851319 0.0287769784 0.0383693046
0 0.8177458034 0.2505995204 0.0383693046 0.0359712230
0 0.7865707434 0.1570743405 0.0431654676 0.0311750600
0 0.6762589928 0.1103117506 0.0287769784 0.0431654676
0 0.4856115108 0.3717026379 0.0263788969 0.0287769784
0 0.1834532374 0.9580335731 0.0311750600 0.0407673861
0 0.5839328537 0.9748201439 0.0215827338 0.0263788969
0 0.6091127098 0.9808153477 0.0191846523 0.0287769784
0 0.7098321343 0.9892086331 0.0191846523 0.0215827338
0 0.0983213429 0.6426858513 0.0287769784 0.0287769784
