0 0.6511278195 0.2421052632 0.0210526316 0.0240601504
0 0.6127819549 0.2466165414 0.0225563910 0.0180451128
0 0.5706766917 0.1541353383 0.0225563910 0.0195488722
0 0.6616541353 0.1789473684 0.0210526316 0.0210526316
0 0.7270676692 0.2796992481 0.0255639098 0.0240601504
0 0.4759398496 0.2503759398 0.0285714286 0.0285714286
0 0.4481203008 0.2503759398 0.0240601504 0.0285714286
0 0.4172932331 0.1654135338 0.0285714286 0.0300751880
0 0.4969924812 0.1563909774 0.0255639098 0.0240601504
0 0.5774436090 0.2000000000 0.0270676692 0.0210526316
0 0.4992481203 0.3157894737 0.0240601504 0.0240601504
0 0.4729323308 0.3225563910 0.0225563910 0.0255639098
0 0.5398496241 0.3406015038 0.0210526316 0.0315789474
0 0.5090225564 0.3578947368 0.0315789474 0.0300751880
0 0.5533834586 0.3774436090 0.0300751880 0.0240601504
0 0.6172932331 0.3466165414 0.0315789474 0.0285714286
0 0.6195488722 0.3729323308 0.0270676692 0.0270676692
0 0.7511278195 0.4150375940 0.0165413534 0.0360902256
0 0.7706766917 0.4218045113 0.0255639098 0.0255639098
0 0.8330827068 0.3781954887 0.0270676692 0.0255639098
0 0.9135338346 0.3954887218 0.0255639098 0.0390977444
0 0.9503759398 0.4654135338 0.0300751880 0.0255639098
0 0.2676691729 0.3375939850 0.0330827068 0.0406015038
0 0.3082706767 0.3308270677 0.0330827068 0.0300751880
0 0.3624060150 0.3375939850 0.0270676692 0.0285714286
0 0.3187969925 0.4586466165 0.0270676692 0.0240601504
0 0.2849624060 0.3954887218 0.0315789474 0.0210526316
0 0.2157894737 0.4639097744 0.0315789474 0.0345864662
0 0.1684210526 0.4368421053 0.0330827068 0.0225563910
0 0.1751879699 0.3781954887 0.0225563910 0.0225563910
0 0.3804511278 0.4879699248 0.0330827068 0.0315789474
0 0.4293233083 0.4676691729 0.0285714286 0.0300751880
0 0.4954887218 0.5947368421 0.0225563910 0.0285714286
0 0.5270676692 0.5796992481 0.0255639098 0.0315789474
0 0.6210526316 0.5819548872 0.0240601504 0.0300751880
0 0.7105263158 0.4849624060 0.0285714286 0.0315789474
0 0.7578947368 0.5360902256 0.0300751880 0.0556390977
0 0.8436090226 0.5548872180 0.0270676692 0.0300751880
0 0.6879699248 0.6766917293 0.0285714286 0.0270676692
0 0.6669172932 0.6503759398 0.0225563910 0.0195488722
0 0.6090225564 0.7917293233 0.0270676692 0.0285714286
0 0.5338345865 0.7954887218 0.0300751880 0.0360902256
0 0.5293233083 0.7398496241 0.0300751880 0.0270676692
0 0.4887218045 0.7263157895 0.0300751880 0.0421052632
0 0.5744360902 0.8308270677 0.0481203008 0.0315789474
0 0.5075187970 0.8353383459 0.0255639098 0.0225563910
0 0.5338345865 0.8669172932 0.0300751880 0.0285714286
0 0.3954887218 0.9195488722 0.0330827068 0.0466165414
0 0.4451127820 0.9751879699 0.0481203008 0.0375939850
0 0.2631578947 0.9857142857 0.0270676692 0.0285714286
0 0.2661654135 0.8060150376 0.0571428571 0.0511278195
0 0.3383458647 0.6962406015 0.0511278195 0.0571428571
0 0.3917293233 0.6774436090 0.0345864662 0.0586466165
0 0.8496240602 0.9421052632 0.0240601504 0.0345864662
0 0.8240601504 0.9631578947 0.0390977444 0.0285714286
0 0.7406015038 0.9804511278 0.0255639098 0.0270676692
0 0.7624060150 0.9323308271 0.0300751880 0.0270676692
0 0.8962406015 0.9706766917 0.0270676692 0.0315789474
0 0.8593984962 0.7819548872 0.0255639098 0.0210526316
0 0.8511278195 0.7556390977 0.0360902256 0.0255639098
0 0.7406015038 0.7766917293 0.0285714286 0.0345864662
0 0.9533834586 0.7992481203 0.0270676692 0.0285714286
0 0.1007518797 0.8796992481 0.0300751880 0.0360902256
0 0.0827067669 0.9270676692 0.0210526316 0.0345864662
0 0.1639097744 0.9578947368 0.0300751880 0.0270676692
0 0.1398496241 0.8586466165 0.0210526316 0.0270676692
0 0.2097744361 0.8248120301 0.0315789474 0.0255639098
0 0.2105263158 0.7556390977 0.0300751880 0.0285714286
0 0.2248120301 0.6894736842 0.0255639098 0.0315789474
0 0.2601503759 0.7330827068 0.0270676692 0.0315789474
0 0.0729323308 0.7488721805 0.0406015038 0.0390977444
0 0.0533834586 0.5917293233 0.0406015038 0.0315789474
0 0.1413533835 0.6368421053 0.0330827068 0.0345864662
0 0.1774436090 0.5804511278 0.0270676692 0.0390977444
0 0.1285714286 0.5060150376 0.0345864662 0.0375939850
0 0.3646616541 0.5954887218 0.0255639098 0.0330827068
0 0.1879699248 0.0563909774 0.0330827068 0.0225563910
0 0.1624060150 0.0293233083 0.0330827068 0.0225563910
0 0.2406015038 0.1270676692 0.0270676692 0.0225563910
0 0.2090225564 0.2150375940 0.0240601504 0.0180451128
0 0.1263157895 0.1699248120 0.0210526316 0.0180451128
0 0.0969924812 0.1345864662 0.0285714286 0.0255639098
0 0.1285714286 0.0842105263 0.0285714286 0.0180451128
0 0.4458646617 0.0105263158 0.0255639098 0.0210526316
0 0.4714285714 0.0270676692 0.0195488722 0.0240601504
0 0.8000000000 0.1090225564 0.0180451128 0.0255639098
0 0.7511278195 0.0849624060 0.0165413534 0.0255639098
0 0.7270676692 0.0751879699 0.0195488722 0.0210526316
0 0.7706766917 0.0345864662 0.0165413534 0.0240601504
0 0.7706766917 0.0345864662 0.0165413534 0.0240601504
