0 0.7377358491 0.4830188679 0.0264150943 0.0301886792
0 0.6896226415 0.4886792453 0.0283018868 0.0226415094
0 0.6509433962 0.3990566038 0.0226415094 0.0245283019
0 0.6367924528 0.3726415094 0.0283018868 0.0245283019
0 0.7509433962 0.4037735849 0.0264150943 0.0264150943
0 0.8160377358 0.4160377358 0.0207547170 0.0245283019
0 0.8330188679 0.5301886792 0.0320754717 0.0301886792
0 0.5179245283 0.4933962264 0.0358490566 0.0358490566
0 0.4830188679 0.4933962264 0.0301886792 0.0358490566
0 0.4443396226 0.3867924528 0.0358490566 0.0377358491
0 0.5443396226 0.3754716981 0.0320754717 0.0301886792
0 0.6452830189 0.4301886792 0.0339622642 0.0264150943
0 0.5471698113 0.5754716981 0.0301886792 0.0301886792
0 0.5141509434 0.5839622642 0.0283018868 0.0320754717
0 0.5981132075 0.6066037736 0.0264150943 0.0396226415
0 0.5594339623 0.6283018868 0.0396226415 0.0377358491
0 0.6150943396 0.6528301887 0.0377358491 0.0301886792
0 0.6952830189 0.6141509434 0.0396226415 0.0358490566
0 0.6981132075 0.6471698113 0.0339622642 0.0339622642
0 0.8632075472 0.7000000000 0.0207547170 0.0452830189
0 0.8877358491 0.7084905660 0.0320754717 0.0320754717
0 0.9660377358 0.6537735849 0.0339622642 0.0320754717
0 0.2566037736 0.6028301887 0.0415094340 0.0509433962
0 0.3075471698 0.5943396226 0.0415094340 0.0377358491
0 0.3754716981 0.6028301887 0.0339622642 0.0358490566
0 0.3207547170 0.7547169811 0.0339622642 0.0301886792
0 0.2783018868 0.6754716981 0.0396226415 0.0264150943
0 0.1915094340 0.7613207547 0.0396226415 0.0433962264
0 0.1320754717 0.7273584906 0.0415094340 0.0283018868
0 0.1405660377 0.6537735849 0.0283018868 0.0283018868
0 0.3981132075 0.7915094340 0.0415094340 0.0396226415
0 0.4594339623 0.7660377358 0.0358490566 0.0377358491
0 0.5424528302 0.9254716981 0.0283018868 0.0358490566
0 0.5820754717 0.9066037736 0.0320754717 0.0396226415
0 0.7000000000 0.9094339623 0.0301886792 0.0377358491
0 0.8122641509 0.7877358491 0.0358490566 0.0396226415
0 0.8716981132 0.8518867925 0.0377358491 0.0698113208
0 0.9792452830 0.8754716981 0.0339622642 0.0377358491
0 0.7575471698 0.9915094340 0.0283018868 0.0169811321
0 0.0066037736 0.9216981132 0.0132075472 0.0396226415
0 0.0981132075 0.9783018868 0.0415094340 0.0433962264
0 0.1433962264 0.9075471698 0.0339622642 0.0490566038
0 0.0820754717 0.8141509434 0.0433962264 0.0471698113
0 0.3783018868 0.9264150943 0.0320754717 0.0415094340
0 0.1566037736 0.2500000000 0.0415094340 0.0283018868
0 0.1245283019 0.2160377358 0.0415094340 0.0283018868
0 0.2226415094 0.3386792453 0.0339622642 0.0283018868
0 0.1830188679 0.4490566038 0.0301886792 0.0226415094
0 0.0792452830 0.3924528302 0.0264150943 0.0226415094
0 0.0424528302 0.3481132075 0.0358490566 0.0320754717
0 0.0820754717 0.2849056604 0.0358490566 0.0226415094
0 0.3933962264 0.1745283019 0.0320754717 0.0283018868
0 0.4801886792 0.1924528302 0.0320754717 0.0264150943
0 0.5122641509 0.2132075472 0.0245283019 0.0301886792
0 0.5726415094 0.1726415094 0.0320754717 0.0283018868
0 0.9245283019 0.3160377358 0.0226415094 0.0320754717
0 0.8632075472 0.2858490566 0.0207547170 0.0320754717
0 0.8330188679 0.2735849057 0.0245283019 0.0264150943
0 0.8877358491 0.2226415094 0.0207547170 0.0301886792
0 0.9028301887 0.1688679245 0.0245283019 0.0283018868
0 0.9047169811 0.0188679245 0.0283018868 0.0264150943
0 0.9424528302 0.0188679245 0.0245283019 0.0377358491
0 0.8245283019 0.1169811321 0.0301886792 0.0339622642
0 0.0632075472 0.0150943396 0.0283018868 0.0301886792
0 0.4556603774 0.0132075472 0.0207547170 0.0264150943
0 0.2301886792 0.0311320755 0.0264150943 0.0320754717
