0 0.0146771037 0.2084148728 0.0293542074 0.0450097847
0 0.0303326810 0.3043052838 0.0254403131 0.0332681018
0 0.2172211350 0.4530332681 0.0391389432 0.0371819961
0 0.2847358121 0.4892367906 0.0215264188 0.0352250489
0 0.3101761252 0.4412915851 0.0254403131 0.0254403131
0 0.0821917808 0.6399217221 0.0273972603 0.0313111546
0 0.3434442270 0.6536203523 0.0293542074 0.0352250489
0 0.1193737769 0.6780821918 0.0273972603 0.0254403131
0 0.9207436399 0.9491193738 0.0332681018 0.0313111546
0 0.9882583170 0.9823874755 0.0234833659 0.0352250489
0 0.8405088063 0.6575342466 0.0254403131 0.0273972603
0 0.8346379648 0.0146771037 0.0293542074 0.0293542074
0 0.3160469667 0.4726027397 0.0293542074 0.0293542074
0 0.3160469667 0.4726027397 0.0293542074 0.0293542074
