0 0.4950199203 0.9890438247 0.0219123506 0.0219123506
0 0.5398406375 0.9073705179 0.0239043825 0.0258964143
0 0.5727091633 0.8974103586 0.0258964143 0.0258964143
0 0.4990039841 0.9163346614 0.0139442231 0.0318725100
0 0.4820717131 0.9023904382 0.0159362550 0.0239043825
0 0.4731075697 0.8894422311 0.0258964143 0.0139442231
0 0.4442231076 0.8515936255 0.0278884462 0.0179282869
0 0.4203187251 0.8525896414 0.0239043825 0.0199203187
0 0.3934262948 0.8894422311 0.0258964143 0.0258964143
0 0.3675298805 0.8844621514 0.0179282869 0.0278884462
0 0.4083665339 0.9083665339 0.0318725100 0.0239043825
0 0.4452191235 0.9392430279 0.0258964143 0.0378486056
0 0.4661354582 0.9382470120 0.0199203187 0.0318725100
0 0.4820717131 0.9472111554 0.0159362550 0.0298804781
0 0.4412350598 0.9810756972 0.0298804781 0.0179282869
0 0.4262948207 0.9621513944 0.0239043825 0.0199203187
0 0.4013944223 0.9780876494 0.0219123506 0.0199203187
0 0.3187250996 0.9731075697 0.0278884462 0.0219123506
0 0.1703187251 0.9721115538 0.0338645418 0.0318725100
0 0.1932270916 0.9173306773 0.0239043825 0.0418326693
0 0.2998007968 0.9611553785 0.0258964143 0.0179282869
0 0.1374501992 0.9531872510 0.0318725100 0.0258964143
0 0.1155378486 0.9412350598 0.0159362550 0.0298804781
0 0.1035856574 0.9282868526 0.0199203187 0.0239043825
0 0.1215139442 0.9820717131 0.0199203187 0.0239043825
0 0.1603585657 0.8157370518 0.0258964143 0.0258964143
0 0.1543824701 0.7898406375 0.0298804781 0.0298804781
0 0.1792828685 0.7808764940 0.0159362550 0.0239043825
0 0.2191235060 0.7798804781 0.0239043825 0.0258964143
0 0.2569721116 0.7669322709 0.0398406375 0.0318725100
0 0.2280876494 0.8197211155 0.0219123506 0.0338645418
0 0.2529880478 0.8137450199 0.0199203187 0.0298804781
0 0.3515936255 0.8147410359 0.0298804781 0.0278884462
0 0.3764940239 0.7948207171 0.0239043825 0.0239043825
0 0.4013944223 0.8007968127 0.0219123506 0.0239043825
0 0.3834661355 0.7739043825 0.0258964143 0.0179282869
0 0.4083665339 0.7509960159 0.0239043825 0.0159362550
0 0.4501992032 0.7519920319 0.0318725100 0.0219123506
0 0.4213147410 0.7768924303 0.0418326693 0.0318725100
0 0.1175298805 0.7918326693 0.0278884462 0.0219123506
0 0.0796812749 0.7928286853 0.0278884462 0.0199203187
0 0.0737051793 0.7758964143 0.0278884462 0.0258964143
0 0.2768924303 0.7151394422 0.0159362550 0.0278884462
0 0.4392430279 0.7061752988 0.0338645418 0.0258964143
0 0.3496015936 0.6882470120 0.0258964143 0.0298804781
0 0.4820717131 0.6324701195 0.0239043825 0.0219123506
0 0.5687250996 0.6334661355 0.0298804781 0.0239043825
0 0.5936254980 0.6185258964 0.0398406375 0.0298804781
0 0.5916334661 0.5906374502 0.0239043825 0.0219123506
0 0.6822709163 0.6683266932 0.0338645418 0.0298804781
0 0.6743027888 0.6972111554 0.0338645418 0.0199203187
0 0.6792828685 0.7758964143 0.0239043825 0.0298804781
0 0.7629482072 0.6225099602 0.0318725100 0.0219123506
0 0.8306772908 0.5856573705 0.0278884462 0.0199203187
0 0.9143426295 0.5737051793 0.0358565737 0.0239043825
0 0.8426294821 0.6225099602 0.0199203187 0.0219123506
0 0.8286852590 0.6882470120 0.0239043825 0.0219123506
0 0.9013944223 0.7061752988 0.0298804781 0.0258964143
0 0.9601593625 0.7091633466 0.0318725100 0.0239043825
0 0.8824701195 0.7420318725 0.0199203187 0.0298804781
0 0.0189243028 0.5587649402 0.0378486056 0.0219123506
0 0.0268924303 0.5328685259 0.0219123506 0.0298804781
0 0.0099601594 0.5179282869 0.0199203187 0.0278884462
0 0.0796812749 0.5338645418 0.0278884462 0.0278884462
0 0.1663346614 0.5358565737 0.0179282869 0.0318725100
0 0.1952191235 0.5597609562 0.0159362550 0.0318725100
0 0.2270916335 0.4980079681 0.0278884462 0.0239043825
0 0.2360557769 0.4661354582 0.0219123506 0.0278884462
0 0.2559760956 0.4870517928 0.0219123506 0.0298804781
0 0.3585657371 0.5557768924 0.0239043825 0.0318725100
0 0.0119521912 0.4252988048 0.0239043825 0.0219123506
0 0.0079681275 0.4511952191 0.0159362550 0.0298804781
0 0.0069721116 0.3426294821 0.0139442231 0.0318725100
0 0.0278884462 0.3336653386 0.0239043825 0.0338645418
0 0.1314741036 0.4362549801 0.0199203187 0.0278884462
0 0.2191235060 0.3515936255 0.0239043825 0.0258964143
0 0.5966135458 0.4183266932 0.0219123506 0.0358565737
0 0.6314741036 0.3525896414 0.0318725100 0.0278884462
0 0.6533864542 0.3745019920 0.0358565737 0.0318725100
0 0.8207171315 0.4352589641 0.0278884462 0.0298804781
0 0.8525896414 0.4083665339 0.0278884462 0.0239043825
0 0.8745019920 0.4760956175 0.0239043825 0.0278884462
0 0.7091633466 0.4920318725 0.0278884462 0.0159362550
0 0.9103585657 0.2699203187 0.0278884462 0.0258964143
0 0.1792828685 0.0179282869 0.0398406375 0.0358565737
0 0.2639442231 0.1235059761 0.0338645418 0.0398406375
0 0.4760956175 0.0408366534 0.0278884462 0.0258964143
0 0.3814741036 0.6653386454 0.0219123506 0.0239043825
0 0.3256972112 0.6713147410 0.0179282869 0.0278884462
0 0.4133466135 0.6235059761 0.0219123506 0.0278884462
0 0.7888446215 0.4093625498 0.0239043825 0.0219123506
0 0.7888446215 0.4093625498 0.0239043825 0.0219123506
