0 0.8455056180 0.7799625468 0.0543071161 0.0505617978
0 0.7528089888 0.7415730337 0.0524344569 0.0486891386
0 0.8745318352 0.6441947566 0.0486891386 0.0561797753
0 0.7415730337 0.6067415730 0.0449438202 0.0337078652
0 0.7078651685 0.6666666667 0.0374531835 0.0524344569
0 0.6526217228 0.6722846442 0.0805243446 0.0524344569
0 0.5692883895 0.5692883895 0.0337078652 0.0636704120
0 0.5636704120 0.6797752809 0.0486891386 0.0411985019
0 0.5234082397 0.7565543071 0.0617977528 0.0636704120
0 0.4503745318 0.8286516854 0.0355805243 0.0543071161
0 0.3679775281 0.8595505618 0.0393258427 0.0524344569
0 0.4962546816 0.9138576779 0.0936329588 0.0599250936
0 0.6254681648 0.9410112360 0.0449438202 0.0468164794
0 0.7471910112 0.8230337079 0.0636704120 0.0543071161
0 0.6872659176 0.8829588015 0.0262172285 0.0355805243
0 0.7518726592 0.9822097378 0.0430711610 0.0355805243
0 0.4840823970 0.9691011236 0.0505617978 0.0430711610
0 0.4260299625 0.9822097378 0.0393258427 0.0355805243
0 0.3726591760 0.9681647940 0.0262172285 0.0411985019
0 0.1872659176 0.9176029963 0.0449438202 0.0636704120
0 0.1217228464 0.9391385768 0.0449438202 0.0393258427
0 0.2078651685 0.8389513109 0.0337078652 0.0486891386
0 0.1722846442 0.7705992509 0.0486891386 0.0543071161
0 0.2284644195 0.7322097378 0.0524344569 0.0674157303
0 0.0608614232 0.5449438202 0.0430711610 0.0486891386
0 0.0168539326 0.1479400749 0.0337078652 0.0524344569
0 0.3033707865 0.1385767790 0.0262172285 0.0374531835
0 0.2968164794 0.2752808989 0.0543071161 0.0411985019
0 0.3436329588 0.3735955056 0.0430711610 0.0543071161
0 0.5280898876 0.4147940075 0.0374531835 0.0430711610
0 0.3558052434 0.4756554307 0.0786516854 0.0524344569
0 0.3632958801 0.5889513109 0.0524344569 0.0430711610
0 0.3220973783 0.6198501873 0.0524344569 0.0374531835
0 0.3202247191 0.6900749064 0.0486891386 0.0543071161
0 0.6348314607 0.4325842697 0.0411985019 0.0262172285
0 0.6254681648 0.4026217228 0.0524344569 0.0299625468
0 0.5496254682 0.3632958801 0.0468164794 0.0524344569
0 0.7584269663 0.4119850187 0.0411985019 0.0524344569
0 0.8323970037 0.4138576779 0.0505617978 0.0486891386
0 0.8314606742 0.3473782772 0.0449438202 0.0430711610
0 0.7687265918 0.3323970037 0.0580524345 0.0355805243
0 0.7949438202 0.2921348315 0.0468164794 0.0411985019
0 0.7668539326 0.2425093633 0.0393258427 0.0393258427
0 0.9222846442 0.2481273408 0.0580524345 0.0468164794
0 0.9475655431 0.3192883895 0.0411985019 0.0505617978
0 0.9007490637 0.4035580524 0.0411985019 0.0393258427
0 0.9269662921 0.4307116105 0.0449438202 0.0411985019
0 0.9859550562 0.4747191011 0.0280898876 0.0430711610
0 0.9400749064 0.5683520599 0.0786516854 0.0655430712
0 0.8913857678 0.5571161049 0.0299625468 0.0505617978
0 0.8277153558 0.5187265918 0.0524344569 0.0449438202
0 0.7837078652 0.5046816479 0.0393258427 0.0468164794
0 0.7752808989 0.4709737828 0.0524344569 0.0393258427
0 0.7368913858 0.4372659176 0.0430711610 0.0430711610
0 0.7284644195 0.4728464419 0.0337078652 0.0468164794
0 0.7172284644 0.5234082397 0.0411985019 0.0580524345
0 0.2387640449 0.3623595506 0.0505617978 0.0280898876
0 0.4953183521 0.2687265918 0.0655430712 0.0655430712
0 0.5046816479 0.1797752809 0.0505617978 0.0524344569
0 0.5346441948 0.1198501873 0.0430711610 0.0449438202
0 0.4784644195 0.0730337079 0.0617977528 0.0674157303
0 0.4091760300 0.0084269663 0.0430711610 0.0168539326
0 0.8024344569 0.0458801498 0.0393258427 0.0468164794
0 0.8670411985 0.0365168539 0.0486891386 0.0355805243
0 0.9887640449 0.0205992509 0.0224719101 0.0411985019
0 0.9288389513 0.1076779026 0.0599250936 0.0505617978
0 0.8867041199 0.1544943820 0.0505617978 0.0318352060
0 0.6919475655 0.9803370787 0.0280898876 0.0318352060
0 0.8174157303 0.8717228464 0.0280898876 0.0318352060
