0 0.2660891089 0.0148514851 0.1212871287 0.0297029703
0 0.0160891089 0.2252475248 0.0321782178 0.2425742574
0 0.1435643564 0.4715346535 0.0990099010 0.2698019802
0 0.2957920792 0.5049504950 0.1262376238 0.2128712871
0 0.5074257426 0.5853960396 0.1831683168 0.2004950495
0 0.6472772277 0.6398514851 0.1311881188 0.2202970297
0 0.8923267327 0.8254950495 0.1905940594 0.1905940594
0 0.8316831683 0.2685643564 0.1584158416 0.2450495050
0 0.5519801980 0.3725247525 0.0891089109 0.2500000000
0 0.4232673267 0.3601485149 0.1485148515 0.2054455446
0 0.4876237624 0.1658415842 0.2623762376 0.1237623762
