0 0.8346855984 0.4979716024 0.0344827586 0.0425963489
0 0.6105476673 0.6146044625 0.0365111562 0.0283975659
0 0.0436105477 0.9634888438 0.0304259635 0.0283975659
0 0.0649087221 0.8975659229 0.0243407708 0.0263691684
0 0.1440162272 0.9371196755 0.0283975659 0.0283975659
0 0.2778904665 0.9178498986 0.0365111562 0.0223123732
0 0.2515212982 0.8468559838 0.0283975659 0.0223123732
0 0.1592292089 0.8042596349 0.0223123732 0.0344827586
0 0.6359026369 0.9381338742 0.0304259635 0.0304259635
0 0.8052738337 0.7363083164 0.0324543611 0.0243407708
0 0.2150101420 0.2890466531 0.0243407708 0.0344827586
0 0.3377281947 0.1095334686 0.0223123732 0.0243407708
0 0.3255578093 0.0780933063 0.0263691684 0.0344827586
0 0.8722109533 0.0699797160 0.0324543611 0.0304259635
0 0.9239350913 0.0547667343 0.0344827586 0.0283975659
0 0.9604462475 0.0943204868 0.0344827586 0.0425963489
0 0.6997971602 0.2038539554 0.0486815416 0.0223123732
0 0.6308316430 0.1896551724 0.0405679513 0.0263691684
0 0.7109533469 0.1176470588 0.0182555781 0.0283975659
0 0.6795131846 0.0131845842 0.0162271805 0.0263691684
0 0.2789046653 0.5527383367 0.0182555781 0.0263691684
0 0.4645030426 0.6430020284 0.0243407708 0.0202839757
