0 0.6890838207 0.6169590643 0.0331384016 0.0409356725
0 0.4736842105 0.7290448343 0.0350877193 0.0272904483
0 0.8693957115 0.8489278752 0.0350877193 0.0292397661
0 0.1286549708 0.9522417154 0.0272904483 0.0214424951
0 0.0399610136 0.9113060429 0.0214424951 0.0331384016
0 0.6608187135 0.8460038986 0.0311890838 0.0233918129
0 0.0935672515 0.4161793372 0.0233918129 0.0331384016
0 0.2115009747 0.2436647173 0.0214424951 0.0233918129
0 0.1998050682 0.2134502924 0.0253411306 0.0331384016
0 0.3586744639 0.1062378168 0.0233918129 0.0331384016
0 0.7251461988 0.2056530214 0.0311890838 0.0292397661
0 0.7748538012 0.1910331384 0.0331384016 0.0272904483
0 0.8099415205 0.2290448343 0.0331384016 0.0409356725
0 0.5594541910 0.3343079922 0.0467836257 0.0214424951
0 0.4931773879 0.3206627680 0.0389863548 0.0253411306
0 0.5701754386 0.2514619883 0.0175438596 0.0272904483
0 0.5838206628 0.0175438596 0.0253411306 0.0311890838
0 0.6881091618 0.0419103314 0.0194931774 0.0253411306
0 0.5399610136 0.1491228070 0.0155945419 0.0292397661
0 0.6842105263 0.0146198830 0.0194931774 0.0292397661
0 0.1549707602 0.6695906433 0.0175438596 0.0253411306
0 0.3333333333 0.7563352827 0.0233918129 0.0194931774
0 0.3333333333 0.7563352827 0.0233918129 0.0194931774
