0 0.1198453608 0.0347938144 0.0438144330 0.0438144330
0 0.5760309278 0.0335051546 0.0335051546 0.0412371134
0 0.5115979381 0.0425257732 0.0644329897 0.0541237113
0 0.6533505155 0.0309278351 0.0902061856 0.0618556701
0 0.8260309278 0.0463917526 0.1056701031 0.0721649485
0 0.9806701031 0.0463917526 0.0335051546 0.0412371134
0 0.0141752577 0.0670103093 0.0283505155 0.0412371134
0 0.2770618557 0.0618556701 0.0850515464 0.0876288660
0 0.1868556701 0.0786082474 0.0438144330 0.0386597938
0 0.1288659794 0.0902061856 0.0360824742 0.0360824742
0 0.4716494845 0.1211340206 0.0309278351 0.0412371134
0 0.6250000000 0.1211340206 0.1108247423 0.0567010309
0 0.7641752577 0.0811855670 0.0335051546 0.0386597938
0 0.9033505155 0.1121134021 0.0438144330 0.0489690722
0 0.9909793814 0.1095360825 0.0180412371 0.0541237113
0 0.0734536082 0.2139175258 0.0489690722 0.0567010309
0 0.2164948454 0.1997422680 0.0412371134 0.0489690722
0 0.2873711340 0.1520618557 0.0798969072 0.0773195876
0 0.4149484536 0.2010309278 0.0515463918 0.0670103093
0 0.3221649485 0.2319587629 0.0567010309 0.0412371134
0 0.5567010309 0.1636597938 0.0412371134 0.0541237113
0 0.6134020619 0.1868556701 0.0463917526 0.0695876289
0 0.5103092784 0.1494845361 0.0412371134 0.0463917526
0 0.6572164948 0.1894329897 0.0412371134 0.0438144330
0 0.6984536082 0.2036082474 0.0412371134 0.0360824742
0 0.8981958763 0.1868556701 0.0541237113 0.0438144330
0 0.0206185567 0.2628865979 0.0412371134 0.0515463918
0 0.2319587629 0.2719072165 0.0360824742 0.0541237113
0 0.2976804124 0.2886597938 0.0489690722 0.0309278351
0 0.3827319588 0.3131443299 0.0541237113 0.0335051546
0 0.5399484536 0.2474226804 0.0747422680 0.0670103093
0 0.5064432990 0.2976804124 0.0695876289 0.0541237113
0 0.6855670103 0.2822164948 0.0515463918 0.0438144330
0 0.0425257732 0.3466494845 0.0386597938 0.0386597938
0 0.0876288660 0.3479381443 0.0463917526 0.0412371134
0 0.1868556701 0.4188144330 0.0438144330 0.0592783505
0 0.1494845361 0.3453608247 0.0412371134 0.0463917526
0 0.3067010309 0.4007731959 0.0567010309 0.0592783505
0 0.3737113402 0.3556701031 0.0567010309 0.0515463918
0 0.5000000000 0.3994845361 0.0567010309 0.0463917526
0 0.5618556701 0.4085051546 0.0670103093 0.0798969072
0 0.6765463918 0.3569587629 0.0386597938 0.0283505155
0 0.7474226804 0.3350515464 0.0567010309 0.0463917526
0 0.7783505155 0.3814432990 0.0463917526 0.0463917526
0 0.8311855670 0.3595360825 0.0541237113 0.0850515464
0 0.9703608247 0.3273195876 0.0489690722 0.0773195876
0 0.4188144330 0.4445876289 0.0850515464 0.0902061856
0 0.6095360825 0.5115979381 0.0438144330 0.0438144330
0 0.4935567010 0.4729381443 0.0747422680 0.0798969072
0 0.7293814433 0.4613402062 0.0670103093 0.0876288660
0 0.6456185567 0.4484536082 0.0438144330 0.0567010309
0 0.8969072165 0.4213917526 0.0515463918 0.0438144330
0 0.2422680412 0.5425257732 0.0360824742 0.0386597938
0 0.1546391753 0.5592783505 0.0618556701 0.0567010309
0 0.4304123711 0.5373711340 0.0257731959 0.0489690722
0 0.3801546392 0.5798969072 0.0335051546 0.0412371134
0 0.4858247423 0.5463917526 0.0592783505 0.0721649485
0 0.5335051546 0.5618556701 0.0360824742 0.0721649485
0 0.7422680412 0.5399484536 0.0412371134 0.0438144330
0 0.6701030928 0.5747422680 0.0463917526 0.0515463918
0 0.9884020619 0.5502577320 0.0231958763 0.0489690722
0 0.0631443299 0.6855670103 0.0335051546 0.0360824742
0 0.2603092784 0.6198453608 0.0412371134 0.0438144330
0 0.1430412371 0.6494845361 0.0695876289 0.0567010309
0 0.1945876289 0.6095360825 0.0335051546 0.0541237113
0 0.4136597938 0.6353092784 0.0335051546 0.0541237113
0 0.6030927835 0.6340206186 0.0412371134 0.0515463918
0 0.5167525773 0.6288659794 0.0386597938 0.0412371134
0 0.6597938144 0.6533505155 0.0412371134 0.0541237113
0 0.7487113402 0.6559278351 0.0335051546 0.0489690722
0 0.9548969072 0.6559278351 0.0438144330 0.0386597938
0 0.2293814433 0.7358247423 0.0670103093 0.0747422680
0 0.1572164948 0.7190721649 0.0412371134 0.0309278351
0 0.5992268041 0.7448453608 0.0798969072 0.0463917526
0 0.6778350515 0.7216494845 0.0463917526 0.0567010309
0 0.9342783505 0.7396907216 0.0386597938 0.0567010309
0 0.0927835052 0.8092783505 0.0567010309 0.0773195876
0 0.1056701031 0.8750000000 0.0412371134 0.0438144330
0 0.2538659794 0.8595360825 0.0335051546 0.0386597938
0 0.3221649485 0.8659793814 0.0567010309 0.0670103093
0 0.5670103093 0.8208762887 0.0824742268 0.0592783505
0 0.7963917526 0.8518041237 0.0567010309 0.0798969072
0 0.8659793814 0.8595360825 0.0515463918 0.0489690722
0 0.0412371134 0.9574742268 0.0412371134 0.0438144330
0 0.1765463918 0.8943298969 0.0644329897 0.0618556701
0 0.2061855670 0.9574742268 0.0876288660 0.0798969072
0 0.3453608247 0.9265463918 0.0515463918 0.0541237113
0 0.7126288660 0.8904639175 0.0489690722 0.0438144330
0 0.7048969072 0.9381443299 0.0541237113 0.0360824742
0 0.6443298969 0.9226804124 0.0515463918 0.0927835052
0 0.9407216495 0.9471649485 0.0515463918 0.0592783505
0 0.0953608247 0.9922680412 0.0360824742 0.0154639175
0 0.2268041237 0.9896907216 0.0360824742 0.0206185567
0 0.3402061856 0.9871134021 0.0515463918 0.0257731959
0 0.5219072165 0.9858247423 0.0541237113 0.0283505155
0 0.3659793814 0.6829896907 0.0412371134 0.0463917526
0 0.3337628866 0.6301546392 0.0283505155 0.0386597938
0 0.4046391753 0.0863402062 0.0515463918 0.0489690722
0 0.8182989691 0.7216494845 0.0695876289 0.0773195876
0 0.7925257732 0.6739690722 0.0283505155 0.0335051546
0 0.8930412371 0.3492268041 0.0489690722 0.0438144330
0 0.9175257732 0.2963917526 0.0360824742 0.0515463918
0 0.8698453608 0.3028350515 0.0489690722 0.0438144330
0 0.8672680412 0.2435567010 0.0283505155 0.0335051546
0 0.8337628866 0.2306701031 0.0283505155 0.0335051546
0 0.8273195876 0.1520618557 0.0670103093 0.0876288660
