0 0.1235632184 0.6839080460 0.1149425287 0.1551724138
0 0.6120689655 0.5962643678 0.1206896552 0.1235632184
0 0.5229885057 0.6954022989 0.0977011494 0.0804597701
0 0.4037356322 0.9022988506 0.1350574713 0.1034482759
0 0.2658045977 0.9094827586 0.1005747126 0.0890804598
0 0.7686781609 0.9626436782 0.1293103448 0.0747126437
0 0.8491379310 0.9209770115 0.1235632184 0.0833333333
0 0.8376436782 0.8433908046 0.0948275862 0.0833333333
0 0.9525862069 0.7844827586 0.0948275862 0.1034482759
0 0.8261494253 0.7169540230 0.1637931034 0.0718390805
0 0.7758620690 0.6522988506 0.1149425287 0.0919540230
0 0.6508620690 0.6853448276 0.1120689655 0.0890804598
0 0.6408045977 0.8045977011 0.0919540230 0.1264367816
0 0.7284482759 0.8146551724 0.0948275862 0.1235632184
0 0.9813218391 0.2011494253 0.0373563218 0.0919540230
0 0.9784482759 0.1163793103 0.0431034483 0.0718390805
0 0.8448275862 0.1034482759 0.0977011494 0.1091954023
0 0.9540229885 0.0143678161 0.0919540230 0.0287356322
