0 0.5232876712 0.7561643836 0.0383561644 0.0438356164
0 0.3972602740 0.7657534247 0.0383561644 0.0301369863
0 0.6301369863 0.8082191781 0.0273972603 0.0328767123
0 0.4328767123 0.9246575342 0.0328767123 0.0301369863
0 0.9821917808 0.7260273973 0.0301369863 0.0438356164
0 0.9534246575 0.8260273973 0.0273972603 0.0301369863
0 0.5821917808 0.5452054795 0.0410958904 0.0328767123
0 0.2643835616 0.5109589041 0.0410958904 0.0356164384
0 0.3041095890 0.2301369863 0.0493150685 0.0328767123
0 0.3342465753 0.1397260274 0.0383561644 0.0438356164
0 0.4438356164 0.2000000000 0.0328767123 0.0438356164
0 0.6246575342 0.1794520548 0.0438356164 0.0410958904
0 0.5890410959 0.0726027397 0.0493150685 0.0356164384
0 0.4630136986 0.0219178082 0.0328767123 0.0438356164
0 0.2452054795 0.3178082192 0.0301369863 0.0328767123
