0 0.7703180212 0.9690812721 0.0282685512 0.0300353357
0 0.8162544170 0.9372791519 0.0282685512 0.0300353357
0 0.7385159011 0.8992932862 0.0318021201 0.0247349823
0 0.7252650177 0.8692579505 0.0300353357 0.0282685512
0 0.5273851590 0.8727915194 0.0265017668 0.0282685512
0 0.4823321555 0.8613074205 0.0318021201 0.0300353357
0 0.8842756184 0.8807420495 0.0265017668 0.0265017668
0 0.9143109541 0.8754416961 0.0265017668 0.0229681979
0 0.9832155477 0.9425795053 0.0265017668 0.0265017668
0 0.0812720848 0.7597173145 0.0424028269 0.0424028269
0 0.5945229682 0.7500000000 0.0265017668 0.0477031802
0 0.6598939929 0.6925795053 0.0512367491 0.0459363958
0 0.7058303887 0.7455830389 0.0300353357 0.0212014134
0 0.6802120141 0.7712014134 0.0282685512 0.0265017668
0 0.6731448763 0.8268551237 0.0318021201 0.0353356890
0 0.7818021201 0.8091872792 0.0653710247 0.0565371025
0 0.8833922261 0.8286219081 0.0353356890 0.0282685512
0 0.7517667845 0.7155477032 0.0229681979 0.0353356890
0 0.6934628975 0.6431095406 0.0371024735 0.0530035336
0 0.5901060071 0.5609540636 0.0318021201 0.0300353357
0 0.6174911661 0.5971731449 0.0300353357 0.0353356890
0 0.6537102473 0.5538869258 0.0353356890 0.0371024735
0 0.6908127208 0.5185512367 0.0282685512 0.0300353357
0 0.7606007067 0.5830388693 0.0265017668 0.0318021201
0 0.8551236749 0.5803886926 0.0318021201 0.0194346290
0 0.9257950530 0.5830388693 0.0282685512 0.0318021201
0 0.8136042403 0.5141342756 0.0229681979 0.0282685512
0 0.5256183746 0.6086572438 0.0406360424 0.0406360424
0 0.4567137809 0.6554770318 0.0300353357 0.0318021201
0 0.3648409894 0.5786219081 0.0406360424 0.0265017668
0 0.4717314488 0.4125441696 0.0494699647 0.0441696113
0 0.5044169611 0.4575971731 0.0265017668 0.0212014134
0 0.9734982332 0.6643109541 0.0353356890 0.0353356890
0 0.9408127208 0.6227915194 0.0335689046 0.0265017668
0 0.4514134276 0.2924028269 0.0371024735 0.0583038869
0 0.4213780919 0.3215547703 0.0371024735 0.0459363958
0 0.6775618375 0.3021201413 0.0371024735 0.0353356890
0 0.7173144876 0.2544169611 0.0318021201 0.0282685512
0 0.7526501767 0.2720848057 0.0282685512 0.0318021201
0 0.6766784452 0.0883392226 0.0247349823 0.0318021201
0 0.5406360424 0.0141342756 0.0388692580 0.0282685512
0 0.4478798587 0.0609540636 0.0300353357 0.0229681979
0 0.7720848057 0.1342756184 0.0353356890 0.0282685512
0 0.8348056537 0.1263250883 0.0265017668 0.0300353357
0 0.9655477032 0.1007067138 0.0300353357 0.0388692580
0 0.9143109541 0.0415194346 0.0265017668 0.0194346290
0 0.9584805654 0.2906360424 0.0194346290 0.0265017668
0 0.9010600707 0.3886925795 0.0247349823 0.0212014134
0 0.9222614841 0.3727915194 0.0176678445 0.0247349823
0 0.2270318021 0.6987632509 0.0229681979 0.0265017668
0 0.2862190813 0.5803886926 0.0176678445 0.0335689046
0 0.1457597173 0.8180212014 0.0335689046 0.0318021201
0 0.1784452297 0.8533568905 0.0459363958 0.0494699647
0 0.2146643110 0.1068904594 0.0335689046 0.0265017668
0 0.2190812721 0.1678445230 0.0247349823 0.0318021201
0 0.2773851590 0.3030035336 0.0212014134 0.0265017668
0 0.3012367491 0.2287985866 0.0194346290 0.0229681979
0 0.3401060071 0.1519434629 0.0229681979 0.0282685512
0 0.3577738516 0.0300353357 0.0300353357 0.0176678445
