0 0.0466377440 0.0054229935 0.0759219089 0.0108459870
0 0.1919739696 0.0140997831 0.0889370933 0.0281995662
0 0.3221258134 0.0075921909 0.0281995662 0.0151843818
0 0.3915401302 0.0065075922 0.0368763557 0.0130151844
0 0.0347071584 0.0607375271 0.0694143167 0.0477223427
0 0.1399132321 0.0271149675 0.0281995662 0.0325379610
0 0.2570498915 0.0531453362 0.0368763557 0.0412147505
0 0.3373101952 0.0509761388 0.0281995662 0.0455531453
0 0.5900216920 0.0216919740 0.0390455531 0.0433839479
0 0.8091106291 0.0184381779 0.0520607375 0.0368763557
0 0.0162689805 0.1160520607 0.0325379610 0.0585683297
0 0.0498915401 0.1182212581 0.0347071584 0.0368763557
0 0.0845986985 0.1301518438 0.0347071584 0.0303687636
0 0.2527114967 0.1160520607 0.0455531453 0.0368763557
0 0.5162689805 0.0845986985 0.0650759219 0.0563991323
0 0.6388286334 0.1268980477 0.0368763557 0.0368763557
0 0.0737527115 0.1963123644 0.0433839479 0.0368763557
0 0.9826464208 0.1702819957 0.0347071584 0.0412147505
0 0.0661605206 0.2592190889 0.0325379610 0.0238611714
0 0.1258134490 0.2407809111 0.0477223427 0.0390455531
0 0.1518438178 0.2798264642 0.0390455531 0.0390455531
0 0.1963123644 0.2613882863 0.0455531453 0.0715835141
0 0.3134490239 0.2342733189 0.0412147505 0.0650759219
0 0.5694143167 0.2819956616 0.0238611714 0.0390455531
0 0.6767895879 0.2472885033 0.0303687636 0.0303687636
0 0.6095444685 0.2657266811 0.0390455531 0.0412147505
0 0.8481561822 0.2603036876 0.0347071584 0.0390455531
0 0.0140997831 0.3893709328 0.0281995662 0.0368763557
0 0.1106290672 0.3470715835 0.0563991323 0.0737527115
0 0.0401301518 0.3362255965 0.0368763557 0.0477223427
0 0.2516268980 0.3134490239 0.0433839479 0.0368763557
0 0.5835140998 0.3405639913 0.0433839479 0.0390455531
0 0.5314533623 0.3633405640 0.0303687636 0.0368763557
0 0.7386117137 0.3839479393 0.0368763557 0.0563991323
0 0.6919739696 0.3590021692 0.0347071584 0.0368763557
0 0.8210412148 0.3210412148 0.0368763557 0.0477223427
0 0.9132321041 0.3644251627 0.0433839479 0.0433839479
0 0.1214750542 0.4132321041 0.0347071584 0.0368763557
0 0.0607375271 0.4425162690 0.0390455531 0.0433839479
0 0.3383947939 0.4219088937 0.0390455531 0.0412147505
0 0.5704989154 0.4056399132 0.0563991323 0.0607375271
0 0.6236442516 0.4403470716 0.0238611714 0.0347071584
0 0.7765726681 0.4598698482 0.0260303688 0.0260303688
0 0.8568329718 0.4414316703 0.0520607375 0.0542299349
0 0.9783080260 0.4002169197 0.0433839479 0.0498915401
0 0.0108459870 0.4924078091 0.0216919740 0.0433839479
0 0.0520607375 0.5086767896 0.0347071584 0.0455531453
0 0.1268980477 0.5108459870 0.0281995662 0.0412147505
0 0.3004338395 0.5108459870 0.0368763557 0.0325379610
0 0.0173535792 0.5856832972 0.0347071584 0.0390455531
0 0.0672451193 0.5661605206 0.0390455531 0.0477223427
0 0.2830802603 0.5813449024 0.0325379610 0.0477223427
0 0.4240780911 0.5889370933 0.0325379610 0.0281995662
0 0.5455531453 0.5596529284 0.0759219089 0.0563991323
0 0.1670281996 0.6757049892 0.0477223427 0.0672451193
0 0.2255965293 0.6822125813 0.0433839479 0.0412147505
0 0.5574837310 0.6583514100 0.0520607375 0.0585683297
0 0.4739696312 0.6572668113 0.0238611714 0.0347071584
0 0.5032537961 0.6312364425 0.0260303688 0.0347071584
0 0.0965292842 0.7082429501 0.0412147505 0.0368763557
0 0.0900216920 0.7483731020 0.0455531453 0.0303687636
0 0.0390455531 0.7353579176 0.0433839479 0.0780911063
0 0.2885032538 0.7559652928 0.0433839479 0.0498915401
0 0.1854663774 0.5661605206 0.0585683297 0.0650759219
0 0.1637744035 0.5260303688 0.0238611714 0.0281995662
0 0.4945770065 0.7049891540 0.1041214751 0.0520607375
0 0.2483731020 0.2527114967 0.0412147505 0.0368763557
0 0.2689804772 0.2082429501 0.0303687636 0.0433839479
0 0.2288503254 0.2136659436 0.0412147505 0.0368763557
0 0.2266811280 0.1637744035 0.0238611714 0.0281995662
0 0.1984815618 0.1529284165 0.0238611714 0.0281995662
0 0.1930585683 0.0867678959 0.0563991323 0.0737527115
