0 0.3507170795 0.0247718383 0.0547588005 0.0495436767
0 0.4250325945 0.0241199478 0.0547588005 0.0482398957
0 0.0684485007 0.2073011734 0.0482398957 0.0417209909
0 0.1975228162 0.1942633638 0.0378096480 0.0521512386
0 0.5352020860 0.1883963494 0.0560625815 0.0534550196
0 0.6923076923 0.1818774446 0.0625814863 0.0508474576
0 0.7887874837 0.2372881356 0.0443285528 0.0521512386
0 0.8396349413 0.2144719687 0.0521512386 0.0456323338
0 0.9217731421 0.2151238592 0.0573663625 0.0417209909
0 0.1003911343 0.2979139505 0.0547588005 0.0456323338
0 0.2770534550 0.3037809648 0.0508474576 0.0469361147
0 0.7020860495 0.3826597132 0.0612777053 0.0352020860
0 0.7868318123 0.4054758801 0.0508474576 0.0391134289
0 0.9217731421 0.3676662321 0.0625814863 0.0338983051
0 0.0156453716 0.4165580183 0.0312907432 0.0325945241
0 0.1773142112 0.4146023468 0.0469361147 0.0443285528
0 0.2816166884 0.4354628422 0.0547588005 0.0495436767
0 0.7816166884 0.5221642764 0.0534550196 0.0352020860
0 0.0430247718 0.6212516297 0.0391134289 0.0586701434
0 0.1786179922 0.6101694915 0.0365058670 0.0521512386
0 0.1388526728 0.5795306389 0.0299869622 0.0456323338
0 0.3539765319 0.5495436767 0.0456323338 0.0482398957
0 0.5143415906 0.5482398957 0.0664928292 0.0430247718
0 0.7848761408 0.6082138201 0.0599739244 0.0560625815
0 0.1851368970 0.7398956975 0.0417209909 0.0430247718
0 0.2796610169 0.6968709257 0.0482398957 0.0456323338
0 0.1284224250 0.8063885267 0.0325945241 0.0325945241
0 0.1629726206 0.8357235984 0.0338983051 0.0234680574
0 0.1421121252 0.8533246415 0.0365058670 0.0325945241
0 0.1551499348 0.7672750978 0.0391134289 0.0325945241
0 0.2855280313 0.8578878748 0.0391134289 0.0443285528
0 0.4080834420 0.7692307692 0.0312907432 0.0521512386
0 0.4335071708 0.8337679270 0.0456323338 0.0508474576
0 0.3741851369 0.8272490222 0.0391134289 0.0456323338
0 0.8468057366 0.7940026076 0.0508474576 0.0338983051
0 0.8650586701 0.8663624511 0.0430247718 0.0534550196
0 0.0730117340 0.9178617992 0.0312907432 0.0338983051
0 0.1505867014 0.9022164276 0.0299869622 0.0521512386
0 0.1199478488 0.9361147327 0.0234680574 0.0260756193
0 0.1812255541 0.9778357236 0.0469361147 0.0443285528
0 0.1805736636 0.8794002608 0.0378096480 0.0482398957
0 0.3174706649 0.9823989570 0.0325945241 0.0352020860
0 0.3487614081 0.9198174707 0.0299869622 0.0482398957
0 0.3774445893 0.9491525424 0.0404172099 0.0338983051
0 0.4471968709 0.9478487614 0.0365058670 0.0443285528
0 0.4361147327 0.8943937419 0.0378096480 0.0495436767
0 0.4067796610 0.9778357236 0.0521512386 0.0286831812
0 0.9634941330 0.8826597132 0.0365058670 0.0391134289
0 0.0462842243 0.9817470665 0.0325945241 0.0365058670
0 0.1401564537 0.9889178618 0.0325945241 0.0221642764
0 0.1401564537 0.9889178618 0.0325945241 0.0221642764
