0 0.1492374728 0.0098039216 0.0283224401 0.0196078431
0 0.0947712418 0.0163398693 0.0544662309 0.0326797386
0 0.2145969499 0.0130718954 0.0762527233 0.0261437908
0 0.3605664488 0.0217864924 0.0893246187 0.0435729847
0 0.4912854031 0.0152505447 0.0283224401 0.0305010893
0 0.5610021786 0.0141612200 0.0370370370 0.0283224401
0 0.7102396514 0.0098039216 0.0435729847 0.0196078431
0 0.0610021786 0.0762527233 0.0261437908 0.0348583878
0 0.1906318083 0.0762527233 0.0936819172 0.0479302832
0 0.3082788671 0.0424836601 0.0283224401 0.0326797386
0 0.4259259259 0.0686274510 0.0370370370 0.0413943355
0 0.5065359477 0.0664488017 0.0283224401 0.0457516340
0 0.7603485839 0.0370370370 0.0392156863 0.0435729847
0 0.9771241830 0.0315904139 0.0457516340 0.0413943355
0 0.0174291939 0.1437908497 0.0348583878 0.0566448802
0 0.1328976035 0.1122004357 0.0348583878 0.0457516340
0 0.1808278867 0.1318082789 0.0392156863 0.0588235294
0 0.0936819172 0.1002178649 0.0348583878 0.0392156863
0 0.2178649237 0.1339869281 0.0348583878 0.0370370370
0 0.2527233115 0.1459694989 0.0348583878 0.0305010893
0 0.4215686275 0.1318082789 0.0457516340 0.0370370370
0 0.6862745098 0.1002178649 0.0653594771 0.0566448802
0 0.8093681917 0.1427015251 0.0370370370 0.0370370370
0 0.1187363834 0.1830065359 0.0631808279 0.0566448802
0 0.0904139434 0.2254901961 0.0588235294 0.0457516340
0 0.2418300654 0.2124183007 0.0435729847 0.0370370370
0 0.0849673203 0.3115468410 0.0479302832 0.0392156863
0 0.1372549020 0.3191721133 0.0566448802 0.0675381264
0 0.2342047930 0.2755991285 0.0326797386 0.0239651416
0 0.2941176471 0.2570806100 0.0479302832 0.0392156863
0 0.3202614379 0.2962962963 0.0392156863 0.0392156863
0 0.3649237473 0.2777777778 0.0457516340 0.0718954248
0 0.4825708061 0.2505446623 0.0413943355 0.0653594771
0 0.7396514161 0.2984749455 0.0239651416 0.0392156863
0 0.8474945534 0.2636165577 0.0305010893 0.0305010893
0 0.7799564270 0.2821350763 0.0392156863 0.0413943355
0 0.0261437908 0.3496732026 0.0522875817 0.0762527233
0 0.1775599129 0.4063180828 0.0370370370 0.0370370370
0 0.0795206972 0.3736383442 0.0631808279 0.0675381264
0 0.2788671024 0.3638344227 0.0566448802 0.0740740741
0 0.2080610022 0.3529411765 0.0370370370 0.0479302832
0 0.4204793028 0.3300653595 0.0435729847 0.0370370370
0 0.7538126362 0.3572984749 0.0435729847 0.0392156863
0 0.7015250545 0.3801742919 0.0305010893 0.0370370370
0 0.9095860566 0.4008714597 0.0370370370 0.0566448802
0 0.8627450980 0.3758169935 0.0348583878 0.0370370370
0 0.9869281046 0.3376906318 0.0261437908 0.0479302832
0 0.0261437908 0.4281045752 0.0217864924 0.0413943355
0 0.0729847495 0.4357298475 0.0501089325 0.0610021786
0 0.1132897603 0.4488017429 0.0305010893 0.0610021786
0 0.2897603486 0.4302832244 0.0348583878 0.0370370370
0 0.2287581699 0.4596949891 0.0392156863 0.0435729847
0 0.5076252723 0.4389978214 0.0392156863 0.0413943355
0 0.7407407407 0.4226579521 0.0566448802 0.0610021786
0 0.7941176471 0.4575163399 0.0239651416 0.0348583878
0 0.9477124183 0.4771241830 0.0261437908 0.0261437908
0 0.0130718954 0.5108932462 0.0261437908 0.0457516340
0 0.1721132898 0.5098039216 0.0348583878 0.0435729847
0 0.0991285403 0.5054466231 0.0326797386 0.0348583878
0 0.2200435730 0.5261437908 0.0348583878 0.0457516340
0 0.2952069717 0.5283224401 0.0283224401 0.0413943355
0 0.4694989107 0.5283224401 0.0370370370 0.0326797386
0 0.1688453159 0.6034858388 0.0675381264 0.0392156863
0 0.2352941176 0.5838779956 0.0392156863 0.0479302832
0 0.4520697168 0.5991285403 0.0326797386 0.0479302832
0 0.5936819172 0.6067538126 0.0326797386 0.0283224401
0 0.7156862745 0.5773420479 0.0762527233 0.0566448802
0 0.1416122004 0.6677559913 0.0697167756 0.0501089325
0 0.3355119826 0.6938997821 0.0479302832 0.0675381264
0 0.3943355120 0.7004357298 0.0435729847 0.0413943355
0 0.7276688453 0.6764705882 0.0522875817 0.0588235294
0 0.6437908497 0.6753812636 0.0239651416 0.0348583878
0 0.6732026144 0.6492374728 0.0261437908 0.0348583878
0 0.2647058824 0.7265795207 0.0413943355 0.0370370370
0 0.2581699346 0.7668845316 0.0457516340 0.0305010893
0 0.2069716776 0.7538126362 0.0435729847 0.0784313725
0 0.4575163399 0.7745098039 0.0435729847 0.0501089325
0 0.1034858388 0.8300653595 0.0457516340 0.0697167756
0 0.0511982571 0.8387799564 0.0413943355 0.0305010893
0 0.0620915033 0.8986928105 0.0413943355 0.0413943355
0 0.0130718954 0.0468409586 0.0261437908 0.0413943355
0 0.3540305011 0.5838779956 0.0588235294 0.0653594771
0 0.3322440087 0.5435729847 0.0239651416 0.0283224401
0 0.6644880174 0.7233115468 0.1045751634 0.0522875817
0 0.4172113290 0.2690631808 0.0413943355 0.0370370370
0 0.4379084967 0.2244008715 0.0305010893 0.0435729847
0 0.3976034858 0.2298474946 0.0413943355 0.0370370370
0 0.3954248366 0.1797385621 0.0239651416 0.0283224401
0 0.3671023965 0.1688453159 0.0239651416 0.0283224401
0 0.3616557734 0.1023965142 0.0566448802 0.0740740741
