0 0.6361702128 0.3191489362 0.0297872340 0.0340425532
0 0.5382978723 0.3265957447 0.0297872340 0.0234042553
0 0.7191489362 0.3595744681 0.0212765957 0.0255319149
0 0.5659574468 0.4500000000 0.0255319149 0.0234042553
0 0.9904255319 0.2957446809 0.0191489362 0.0340425532
0 0.9702127660 0.3734042553 0.0212765957 0.0234042553
0 0.6819148936 0.1553191489 0.0319148936 0.0255319149
0 0.4351063830 0.1287234043 0.0319148936 0.0276595745
0 0.1521276596 0.4989361702 0.0276595745 0.0361702128
0 0.0127659574 0.7191489362 0.0255319149 0.0212765957
0 0.5074468085 0.5138297872 0.0191489362 0.0234042553
0 0.5297872340 0.5191489362 0.0170212766 0.0255319149
0 0.6191489362 0.5308510638 0.0170212766 0.0276595745
0 0.6351063830 0.5510638298 0.0148936170 0.0255319149
0 0.7425531915 0.7531914894 0.0297872340 0.0297872340
0 0.7393617021 0.6329787234 0.0234042553 0.0234042553
0 0.8351063830 0.8574468085 0.0234042553 0.0340425532
0 0.8638297872 0.8446808511 0.0255319149 0.0340425532
0 0.9329787234 0.8680851064 0.0319148936 0.0255319149
0 0.9670212766 0.9648936170 0.0361702128 0.0489361702
0 0.7180851064 0.9000000000 0.0276595745 0.0255319149
0 0.6031914894 0.8904255319 0.0276595745 0.0319148936
0 0.5489361702 0.8648936170 0.0212765957 0.0319148936
0 0.5000000000 0.8436170213 0.0255319149 0.0319148936
0 0.0765957447 0.2191489362 0.0255319149 0.0255319149
