0 0.5836431227 0.9507434944 0.0297397770 0.0241635688
0 0.2583643123 0.9637546468 0.0297397770 0.0315985130
0 0.1802973978 0.9600371747 0.0297397770 0.0278810409
0 0.4386617100 0.8745353160 0.0408921933 0.0501858736
0 0.5204460967 0.7908921933 0.0334572491 0.0390334572
0 0.5985130112 0.8159851301 0.0334572491 0.0334572491
0 0.5994423792 0.8912639405 0.0278810409 0.0315985130
0 0.8605947955 0.6998141264 0.0297397770 0.0315985130
0 0.9089219331 0.6663568773 0.0297397770 0.0315985130
0 0.8271375465 0.6263940520 0.0334572491 0.0260223048
0 0.8131970260 0.5947955390 0.0315985130 0.0297397770
0 0.6050185874 0.5985130112 0.0278810409 0.0297397770
0 0.5576208178 0.5864312268 0.0334572491 0.0315985130
0 0.9804832714 0.6068773234 0.0278810409 0.0278810409
0 0.1356877323 0.4795539033 0.0446096654 0.0446096654
0 0.1960966543 0.7927509294 0.0501858736 0.0390334572
0 0.1003717472 0.7667286245 0.0334572491 0.0576208178
0 0.0223048327 0.7537174721 0.0297397770 0.0241635688
0 0.6756505576 0.4693308550 0.0278810409 0.0501858736
0 0.7444237918 0.4089219331 0.0539033457 0.0483271375
0 0.7927509294 0.4646840149 0.0315985130 0.0223048327
0 0.7657992565 0.4916356877 0.0297397770 0.0278810409
0 0.7583643123 0.5501858736 0.0334572491 0.0371747212
0 0.8726765799 0.5315985130 0.0687732342 0.0594795539
0 0.9795539033 0.5520446097 0.0371747212 0.0297397770
0 0.8410780669 0.4330855019 0.0241635688 0.0371747212
0 0.7797397770 0.3568773234 0.0390334572 0.0557620818
0 0.6710037175 0.2704460967 0.0334572491 0.0315985130
0 0.6998141264 0.3085501859 0.0315985130 0.0371747212
0 0.7379182156 0.2630111524 0.0371747212 0.0390334572
0 0.7769516729 0.2258364312 0.0297397770 0.0315985130
0 0.8503717472 0.2936802974 0.0278810409 0.0334572491
0 0.9498141264 0.2908921933 0.0334572491 0.0204460967
0 0.9061338290 0.2211895911 0.0241635688 0.0297397770
0 0.6031598513 0.3206319703 0.0427509294 0.0427509294
0 0.5306691450 0.3698884758 0.0315985130 0.0334572491
0 0.4340148699 0.2890334572 0.0427509294 0.0278810409
0 0.5464684015 0.1143122677 0.0520446097 0.0464684015
0 0.5808550186 0.1617100372 0.0278810409 0.0223048327
0 0.5250929368 0.0092936803 0.0390334572 0.0185873606
0 0.4934944238 0.0213754647 0.0390334572 0.0427509294
0 0.7630111524 0.0083643123 0.0390334572 0.0167286245
0 0.2890334572 0.4154275093 0.0241635688 0.0278810409
0 0.3513011152 0.2908921933 0.0185873606 0.0353159851
0 0.2035315985 0.5408921933 0.0353159851 0.0334572491
0 0.2379182156 0.5780669145 0.0483271375 0.0520446097
