0 0.8045045045 0.6693693694 0.0378378378 0.0486486486
0 0.6765765766 0.8567567568 0.0306306306 0.0450450450
0 0.7036036036 0.8657657658 0.0306306306 0.0486486486
0 0.9639639640 0.5279279279 0.0540540541 0.0576576577
0 0.9621621622 0.4612612613 0.0468468468 0.0612612613
0 0.6216216216 0.2270270270 0.0540540541 0.0540540541
0 0.1873873874 0.4702702703 0.0576576577 0.0324324324
0 0.0900900901 0.3765765766 0.0324324324 0.0540540541
0 0.0585585586 0.6558558559 0.0486486486 0.0504504505
0 0.2756756757 0.6540540541 0.0504504505 0.0396396396
0 0.6855855856 0.7603603604 0.0270270270 0.0432432432
0 0.0774774775 0.1720720721 0.0504504505 0.0486486486
0 0.1468468468 0.1612612613 0.0450450450 0.0414414414
0 0.2576576577 0.1459459459 0.0432432432 0.0360360360
0 0.1765765766 0.2801801802 0.0396396396 0.0378378378
