0 0.8036053131 0.6802656546 0.0550284630 0.0512333966
0 0.7096774194 0.6413662239 0.0531309298 0.0493358634
0 0.8330170778 0.5426944972 0.0493358634 0.0569259962
0 0.6982922201 0.5047438330 0.0455407970 0.0341555977
0 0.6641366224 0.5654648956 0.0379506641 0.0531309298
0 0.6081593928 0.5711574953 0.0815939279 0.0531309298
0 0.5237191651 0.4667931689 0.0341555977 0.0645161290
0 0.5180265655 0.5787476281 0.0493358634 0.0417457306
0 0.4772296015 0.6565464896 0.0626185958 0.0645161290
0 0.4032258065 0.7296015180 0.0360531309 0.0550284630
0 0.3197343454 0.7609108159 0.0398481973 0.0531309298
0 0.4497153700 0.8159392789 0.0948766603 0.0607210626
0 0.5806451613 0.8434535104 0.0455407970 0.0474383302
0 0.7039848197 0.7239089184 0.0645161290 0.0550284630
0 0.6432637571 0.7846299810 0.0265654649 0.0360531309
0 0.7087286528 0.8908918406 0.0436432638 0.0474383302
0 0.5237191651 0.9715370019 0.0607210626 0.0569259962
0 0.4573055028 0.9326375712 0.0531309298 0.0550284630
0 0.4373814042 0.8719165085 0.0512333966 0.0436432638
0 0.3785578748 0.8946869070 0.0398481973 0.0550284630
0 0.3244781784 0.8709677419 0.0265654649 0.0417457306
0 0.2931688805 0.9354838710 0.0512333966 0.0303605313
0 0.2296015180 0.9278937381 0.0417457306 0.0379506641
0 0.3055028463 0.9800759013 0.0531309298 0.0360531309
0 0.3519924099 0.9563567362 0.0436432638 0.0341555977
0 0.4165085389 0.9677419355 0.0664136622 0.0607210626
0 0.1366223909 0.8197343454 0.0455407970 0.0645161290
0 0.0702087287 0.8415559772 0.0455407970 0.0398481973
0 0.1574952562 0.7400379507 0.0341555977 0.0493358634
0 0.1214421252 0.6707779886 0.0493358634 0.0550284630
0 0.1783681214 0.6318785579 0.0531309298 0.0683111954
0 0.0151802657 0.4421252372 0.0303605313 0.0493358634
0 0.2542694497 0.0303605313 0.0265654649 0.0379506641
0 0.2476280835 0.1688804554 0.0550284630 0.0417457306
0 0.2950664137 0.2685009488 0.0436432638 0.0550284630
0 0.4819734345 0.3102466793 0.0379506641 0.0436432638
0 0.3074003795 0.3719165085 0.0796963947 0.0531309298
0 0.3149905123 0.4867172676 0.0531309298 0.0436432638
0 0.2732447818 0.5180265655 0.0531309298 0.0379506641
0 0.2713472486 0.5891840607 0.0493358634 0.0550284630
0 0.5901328273 0.3282732448 0.0417457306 0.0265654649
0 0.5806451613 0.2979127135 0.0531309298 0.0303605313
0 0.5037950664 0.2580645161 0.0474383302 0.0531309298
0 0.7153700190 0.3074003795 0.0417457306 0.0531309298
0 0.7903225806 0.3092979127 0.0512333966 0.0493358634
0 0.7893738140 0.2419354839 0.0455407970 0.0436432638
0 0.7258064516 0.2267552182 0.0588235294 0.0360531309
0 0.7523719165 0.1859582543 0.0474383302 0.0417457306
0 0.7239089184 0.1356736243 0.0398481973 0.0398481973
0 0.8814041746 0.1413662239 0.0588235294 0.0474383302
0 0.9772296015 0.1726755218 0.0379506641 0.0493358634
0 0.9070208729 0.2134724858 0.0417457306 0.0512333966
0 0.8595825427 0.2988614801 0.0417457306 0.0398481973
0 0.8861480076 0.3263757116 0.0455407970 0.0417457306
0 0.9525616698 0.3709677419 0.0417457306 0.0436432638
0 0.8994307400 0.4658444023 0.0796963947 0.0664136622
0 0.8500948767 0.4544592030 0.0303605313 0.0512333966
0 0.7855787476 0.4155597723 0.0531309298 0.0455407970
0 0.7409867173 0.4013282732 0.0398481973 0.0474383302
0 0.7324478178 0.3671726755 0.0531309298 0.0398481973
0 0.6935483871 0.3330170778 0.0436432638 0.0436432638
0 0.6850094877 0.3690702087 0.0341555977 0.0474383302
0 0.6736242884 0.4203036053 0.0417457306 0.0588235294
0 0.1888045541 0.2571157495 0.0512333966 0.0284629981
0 0.4487666034 0.1622390892 0.0664136622 0.0664136622
0 0.4582542694 0.0721062619 0.0512333966 0.0531309298
0 0.4886148008 0.0170777989 0.0436432638 0.0341555977
0 0.8880455408 0.0123339658 0.0607210626 0.0246679317
0 0.8453510436 0.0464895636 0.0512333966 0.0322580645
0 0.5768500949 0.9611005693 0.0341555977 0.0284629981
0 0.6480075901 0.8833017078 0.0284629981 0.0322580645
0 0.7751423150 0.7732447818 0.0284629981 0.0322580645
