0 0.2232021710 0.9857530529 0.0502035278 0.0284938942
0 0.1940298507 0.9056987788 0.0352781547 0.0339213026
0 0.1614654003 0.8263229308 0.0325644505 0.0434192673
0 0.9246947083 0.6200814111 0.0447761194 0.0705563094
0 0.9898236092 0.6506105834 0.0203527815 0.0339213026
0 0.9464043419 0.5312075984 0.0366350068 0.0529172320
0 0.9145183175 0.3541383989 0.0597014925 0.0542740841
0 0.9287652646 0.1940298507 0.0474898236 0.0542740841
0 0.8839891452 0.1696065129 0.0284938942 0.0488466757
0 0.8704206242 0.1268656716 0.0393487110 0.0447761194
0 0.8731343284 0.0712347354 0.0447761194 0.0664857531
0 0.7693351425 0.0332428765 0.0678426052 0.0583446404
0 0.6845318860 0.1268656716 0.0610583446 0.0827679783
0 0.3480325645 0.0861601085 0.0556309362 0.0474898236
0 0.5461329715 0.1546811398 0.0502035278 0.0461329715
0 0.3168249661 0.7137042062 0.0420624152 0.0434192673
0 0.3222523745 0.9402985075 0.0529172320 0.0407055631
