0 0.6393939394 0.1666666667 0.0212121212 0.0242424242
0 0.6007575758 0.1712121212 0.0227272727 0.0181818182
0 0.5583333333 0.0780303030 0.0227272727 0.0196969697
0 0.6500000000 0.1030303030 0.0212121212 0.0212121212
0 0.7159090909 0.2045454545 0.0257575758 0.0242424242
0 0.4628787879 0.1750000000 0.0287878788 0.0287878788
0 0.4348484848 0.1750000000 0.0242424242 0.0287878788
0 0.4037878788 0.0893939394 0.0287878788 0.0303030303
0 0.4840909091 0.0803030303 0.0257575758 0.0242424242
0 0.5651515152 0.1242424242 0.0272727273 0.0212121212
0 0.4863636364 0.2409090909 0.0242424242 0.0242424242
0 0.4598484848 0.2477272727 0.0227272727 0.0257575758
0 0.5272727273 0.2659090909 0.0212121212 0.0318181818
0 0.4962121212 0.2833333333 0.0318181818 0.0303030303
0 0.5409090909 0.3030303030 0.0303030303 0.0242424242
0 0.6053030303 0.2719696970 0.0318181818 0.0287878788
0 0.6075757576 0.2984848485 0.0272727273 0.0272727273
0 0.7401515152 0.3409090909 0.0166666667 0.0363636364
0 0.7598484848 0.3477272727 0.0257575758 0.0257575758
0 0.8227272727 0.3037878788 0.0272727273 0.0257575758
0 0.9037878788 0.3212121212 0.0257575758 0.0393939394
0 0.9409090909 0.3916666667 0.0303030303 0.0257575758
0 0.2530303030 0.2628787879 0.0333333333 0.0409090909
0 0.2939393939 0.2560606061 0.0333333333 0.0303030303
0 0.3484848485 0.2628787879 0.0272727273 0.0287878788
0 0.3045454545 0.3848484848 0.0272727273 0.0242424242
0 0.2704545455 0.3212121212 0.0318181818 0.0212121212
0 0.2007575758 0.3901515152 0.0318181818 0.0348484848
0 0.1530303030 0.3628787879 0.0333333333 0.0227272727
0 0.1598484848 0.3037878788 0.0227272727 0.0227272727
0 0.3666666667 0.4143939394 0.0333333333 0.0318181818
0 0.4159090909 0.3939393939 0.0287878788 0.0303030303
0 0.4825757576 0.5219696970 0.0227272727 0.0287878788
0 0.5143939394 0.5068181818 0.0257575758 0.0318181818
0 0.6090909091 0.5090909091 0.0242424242 0.0303030303
0 0.6992424242 0.4113636364 0.0287878788 0.0318181818
0 0.7469696970 0.4628787879 0.0303030303 0.0560606061
0 0.8333333333 0.4818181818 0.0272727273 0.0303030303
0 0.6765151515 0.6045454545 0.0287878788 0.0272727273
0 0.6553030303 0.5780303030 0.0227272727 0.0196969697
0 0.5969696970 0.7204545455 0.0272727273 0.0287878788
0 0.5212121212 0.7242424242 0.0303030303 0.0363636364
0 0.5166666667 0.6681818182 0.0303030303 0.0272727273
0 0.4757575758 0.6545454545 0.0303030303 0.0424242424
0 0.5621212121 0.7598484848 0.0484848485 0.0318181818
0 0.4946969697 0.7643939394 0.0257575758 0.0227272727
0 0.5212121212 0.7962121212 0.0303030303 0.0287878788
0 0.3818181818 0.8492424242 0.0333333333 0.0469696970
0 0.4318181818 0.9053030303 0.0484848485 0.0378787879
0 0.4393939394 0.9530303030 0.0333333333 0.0303030303
0 0.4098484848 0.9765151515 0.0227272727 0.0287878788
0 0.2621212121 0.9484848485 0.0393939394 0.0272727273
0 0.2484848485 0.9159090909 0.0272727273 0.0287878788
0 0.1810606061 0.9704545455 0.0500000000 0.0560606061
0 0.2515151515 0.7348484848 0.0575757576 0.0515151515
0 0.3242424242 0.6242424242 0.0515151515 0.0575757576
0 0.3780303030 0.6053030303 0.0348484848 0.0590909091
0 0.8393939394 0.8719696970 0.0242424242 0.0348484848
0 0.8136363636 0.8931818182 0.0393939394 0.0287878788
0 0.7530303030 0.9621212121 0.0575757576 0.0393939394
0 0.7295454545 0.9106060606 0.0257575758 0.0272727273
0 0.7515151515 0.8621212121 0.0303030303 0.0272727273
0 0.8863636364 0.9007575758 0.0272727273 0.0318181818
0 0.8492424242 0.7106060606 0.0257575758 0.0212121212
0 0.8409090909 0.6840909091 0.0363636364 0.0257575758
0 0.7295454545 0.7053030303 0.0287878788 0.0348484848
0 0.9439393939 0.7280303030 0.0272727273 0.0287878788
0 0.9901515152 0.7143939394 0.0196969697 0.0287878788
0 0.0848484848 0.8090909091 0.0303030303 0.0363636364
0 0.0666666667 0.8568181818 0.0212121212 0.0348484848
0 0.1484848485 0.8878787879 0.0303030303 0.0272727273
0 0.1242424242 0.7878787879 0.0212121212 0.0272727273
0 0.1946969697 0.7537878788 0.0318181818 0.0257575758
0 0.1954545455 0.6840909091 0.0303030303 0.0287878788
0 0.2098484848 0.6174242424 0.0257575758 0.0318181818
0 0.2454545455 0.6613636364 0.0272727273 0.0318181818
0 0.0568181818 0.6772727273 0.0409090909 0.0393939394
0 0.0371212121 0.5189393939 0.0409090909 0.0318181818
0 0.1257575758 0.5643939394 0.0333333333 0.0348484848
0 0.1621212121 0.5075757576 0.0272727273 0.0393939394
0 0.1128787879 0.4325757576 0.0348484848 0.0378787879
0 0.3507575758 0.5227272727 0.0257575758 0.0333333333
0 0.2257575758 0.0507575758 0.0272727273 0.0227272727
0 0.1939393939 0.1393939394 0.0242424242 0.0181818182
0 0.1106060606 0.0939393939 0.0212121212 0.0181818182
0 0.0810606061 0.0583333333 0.0287878788 0.0257575758
0 0.1128787879 0.0083333333 0.0287878788 0.0166666667
0 0.7893939394 0.0325757576 0.0181818182 0.0257575758
