0 0.6046511628 0.4000000000 0.0325581395 0.0372093023
0 0.4976744186 0.4081395349 0.0325581395 0.0255813953
0 0.6953488372 0.4441860465 0.0232558140 0.0279069767
0 0.5279069767 0.5430232558 0.0279069767 0.0255813953
0 0.9906976744 0.3744186047 0.0186046512 0.0372093023
0 0.9697674419 0.4593023256 0.0232558140 0.0255813953
0 0.6546511628 0.2209302326 0.0348837209 0.0279069767
0 0.3848837209 0.1918604651 0.0348837209 0.0302325581
0 0.3686046512 0.0279069767 0.0255813953 0.0279069767
0 0.0755813953 0.5965116279 0.0302325581 0.0395348837
0 0.4639534884 0.6127906977 0.0209302326 0.0255813953
0 0.4883720930 0.6186046512 0.0186046512 0.0279069767
0 0.5860465116 0.6313953488 0.0186046512 0.0302325581
0 0.6034883721 0.6534883721 0.0162790698 0.0279069767
0 0.7209302326 0.8744186047 0.0325581395 0.0325581395
0 0.7174418605 0.7430232558 0.0255813953 0.0255813953
0 0.8220930233 0.9848837209 0.0255813953 0.0302325581
0 0.8534883721 0.9744186047 0.0279069767 0.0372093023
0 0.9290697674 0.9930232558 0.0348837209 0.0139534884
0 0.5093023256 0.9895348837 0.0232558140 0.0209302326
0 0.4558139535 0.9732558140 0.0279069767 0.0348837209
