0 0.2698598131 0.0134345794 0.0350467290 0.0268691589
0 0.2383177570 0.1816588785 0.0350467290 0.0268691589
0 0.4082943925 0.1915887850 0.0245327103 0.0257009346
0 0.6179906542 0.1518691589 0.0186915888 0.0257009346
0 0.5712616822 0.1507009346 0.0210280374 0.0186915888
0 0.6162383178 0.1355140187 0.0315420561 0.0163551402
0 0.7015186916 0.1775700935 0.0245327103 0.0280373832
0 0.6547897196 0.1559579439 0.0198598131 0.0221962617
0 0.3510514019 0.2675233645 0.0198598131 0.0233644860
0 0.4135514019 0.2529205607 0.0210280374 0.0198598131
0 0.4310747664 0.1997663551 0.0280373832 0.0186915888
0 0.3639018692 0.2476635514 0.0268691589 0.0186915888
0 0.4456775701 0.2500000000 0.0245327103 0.0163551402
0 0.4485981308 0.2342289720 0.0257009346 0.0175233645
0 0.4375000000 0.2254672897 0.0245327103 0.0186915888
0 0.4602803738 0.2126168224 0.0233644860 0.0163551402
0 0.4894859813 0.2021028037 0.0210280374 0.0257009346
0 0.4748831776 0.2394859813 0.0175233645 0.0257009346
0 0.5806074766 0.2394859813 0.0140186916 0.0257009346
0 0.5619158879 0.2505841121 0.0257009346 0.0151869159
0 0.5362149533 0.1997663551 0.0233644860 0.0210280374
0 0.6758177570 0.2266355140 0.0128504673 0.0420560748
0 0.0070093458 0.3341121495 0.0140186916 0.0327102804
0 0.3282710280 0.3113317757 0.0233644860 0.0198598131
0 0.2768691589 0.3206775701 0.0233644860 0.0245327103
0 0.3276869159 0.3376168224 0.0268691589 0.0140186916
0 0.3884345794 0.2862149533 0.0198598131 0.0327102804
0 0.4100467290 0.3119158879 0.0186915888 0.0233644860
0 0.5023364486 0.2920560748 0.0280373832 0.0210280374
0 0.4626168224 0.2832943925 0.0233644860 0.0175233645
0 0.5105140187 0.3259345794 0.0233644860 0.0210280374
0 0.4503504673 0.3346962617 0.0221962617 0.0198598131
0 0.5473130841 0.2920560748 0.0175233645 0.0303738318
0 0.5800233645 0.3060747664 0.0221962617 0.0186915888
0 0.6051401869 0.3335280374 0.0233644860 0.0198598131
0 0.6542056075 0.3160046729 0.0210280374 0.0268691589
0 0.6308411215 0.3101635514 0.0163551402 0.0245327103
0 0.0362149533 0.3831775701 0.0724299065 0.0257009346
0 0.2301401869 0.3504672897 0.0257009346 0.0140186916
0 0.2219626168 0.3773364486 0.0280373832 0.0163551402
0 0.2628504673 0.3463785047 0.0210280374 0.0198598131
0 0.2640186916 0.3691588785 0.0257009346 0.0163551402
0 0.2517523364 0.3901869159 0.0198598131 0.0280373832
0 0.2926401869 0.3434579439 0.0221962617 0.0233644860
0 0.2973130841 0.3697429907 0.0221962617 0.0221962617
0 0.3481308411 0.3703271028 0.0186915888 0.0257009346
0 0.3428738318 0.3890186916 0.0245327103 0.0163551402
0 0.4170560748 0.3422897196 0.0257009346 0.0233644860
0 0.3568925234 0.3393691589 0.0221962617 0.0198598131
0 0.4678738318 0.3551401869 0.0151869159 0.0257009346
0 0.4503504673 0.3849299065 0.0198598131 0.0221962617
0 0.4778037383 0.3936915888 0.0257009346 0.0163551402
0 0.4970794393 0.3498831776 0.0221962617 0.0198598131
0 0.4439252336 0.4059579439 0.0186915888 0.0221962617
0 0.5531542056 0.3948598131 0.0198598131 0.0233644860
0 0.6191588785 0.3691588785 0.0210280374 0.0233644860
0 0.5876168224 0.3720794393 0.0210280374 0.0198598131
0 0.6103971963 0.3977803738 0.0245327103 0.0198598131
0 0.6857476636 0.3790887850 0.0140186916 0.0432242991
0 0.0765186916 0.4240654206 0.0198598131 0.0257009346
0 0.2318925234 0.4485981308 0.0221962617 0.0210280374
0 0.1781542056 0.4123831776 0.0198598131 0.0233644860
0 0.2132009346 0.4386682243 0.0221962617 0.0221962617
0 0.3370327103 0.4153037383 0.0292056075 0.0198598131
0 0.3866822430 0.4608644860 0.0257009346 0.0151869159
0 0.3691588785 0.4188084112 0.0257009346 0.0221962617
0 0.5461448598 0.4188084112 0.0198598131 0.0221962617
0 0.5952102804 0.4725467290 0.0245327103 0.0175233645
0 0.6477803738 0.4386682243 0.0221962617 0.0245327103
0 0.6226635514 0.4795560748 0.0186915888 0.0245327103
0 0.2640186916 0.5058411215 0.0186915888 0.0210280374
0 0.2821261682 0.4953271028 0.0245327103 0.0186915888
0 0.2669392523 0.5274532710 0.0221962617 0.0198598131
0 0.3160046729 0.4935747664 0.0151869159 0.0268691589
0 0.3399532710 0.5011682243 0.0257009346 0.0186915888
0 0.2891355140 0.5099299065 0.0292056075 0.0198598131
0 0.4158878505 0.5052570093 0.0210280374 0.0198598131
0 0.4316588785 0.5122663551 0.0175233645 0.0268691589
0 0.3750000000 0.5245327103 0.0210280374 0.0186915888
0 0.3744158879 0.5490654206 0.0221962617 0.0233644860
0 0.3674065421 0.4848130841 0.0175233645 0.0257009346
0 0.4345794393 0.5350467290 0.0210280374 0.0233644860
0 0.5169392523 0.4865654206 0.0198598131 0.0221962617
0 0.5029205607 0.5186915888 0.0245327103 0.0233644860
0 0.5216121495 0.5373831776 0.0221962617 0.0186915888
0 0.6174065421 0.5449766355 0.0245327103 0.0245327103
0 0.5467289720 0.5093457944 0.0257009346 0.0140186916
0 0.5934579439 0.5128504673 0.0233644860 0.0210280374
0 0.6331775701 0.5286214953 0.0210280374 0.0268691589
0 0.6623831776 0.5379672897 0.0186915888 0.0245327103
0 0.6612149533 0.4795560748 0.0163551402 0.0245327103
0 0.2727803738 0.5671728972 0.0362149533 0.0245327103
0 0.2838785047 0.6033878505 0.0210280374 0.0221962617
0 0.2529205607 0.6057242991 0.0221962617 0.0198598131
0 0.3060747664 0.6057242991 0.0186915888 0.0268691589
0 0.3598130841 0.5829439252 0.0163551402 0.0257009346
0 0.3691588785 0.6033878505 0.0163551402 0.0245327103
0 0.3954439252 0.5817757009 0.0292056075 0.0186915888
0 0.4065420561 0.5619158879 0.0210280374 0.0210280374
0 0.4380841121 0.6074766355 0.0257009346 0.0140186916
0 0.5257009346 0.5882009346 0.0233644860 0.0175233645
0 0.5163551402 0.6156542056 0.0233644860 0.0186915888
0 0.4369158879 0.5776869159 0.0233644860 0.0175233645
0 0.4591121495 0.5940420561 0.0163551402 0.0245327103
0 0.4661214953 0.5771028037 0.0233644860 0.0163551402
0 0.6086448598 0.5607476636 0.0210280374 0.0186915888
0 0.5940420561 0.5730140187 0.0175233645 0.0338785047
0 0.5700934579 0.5987149533 0.0233644860 0.0175233645
0 0.5514018692 0.5899532710 0.0257009346 0.0140186916
0 0.5718457944 0.5595794393 0.0198598131 0.0210280374
0 0.5297897196 0.5584112150 0.0221962617 0.0210280374
0 0.5759345794 0.5887850467 0.0210280374 0.0210280374
0 0.6588785047 0.5660046729 0.0303738318 0.0268691589
0 0.6425233645 0.5887850467 0.0257009346 0.0140186916
0 0.3183411215 0.6355140187 0.0221962617 0.0210280374
0 0.2797897196 0.6320093458 0.0198598131 0.0210280374
0 0.2482476636 0.6396028037 0.0221962617 0.0198598131
0 0.3189252336 0.6588785047 0.0233644860 0.0163551402
0 0.3703271028 0.6495327103 0.0233644860 0.0163551402
0 0.4228971963 0.6372663551 0.0233644860 0.0198598131
0 0.4205607477 0.6653037383 0.0186915888 0.0245327103
0 0.3492990654 0.6822429907 0.0186915888 0.0233644860
0 0.4900700935 0.6314252336 0.0245327103 0.0198598131
0 0.4433411215 0.6775700935 0.0245327103 0.0163551402
0 0.5040887850 0.6658878505 0.0245327103 0.0233644860
0 0.5870327103 0.6214953271 0.0151869159 0.0257009346
0 0.5473130841 0.6600467290 0.0245327103 0.0163551402
0 0.5876168224 0.6623831776 0.0210280374 0.0186915888
0 0.5537383178 0.6343457944 0.0233644860 0.0257009346
0 0.5759345794 0.6436915888 0.0163551402 0.0257009346
0 0.7038551402 0.6565420561 0.0245327103 0.0163551402
0 0.6582943925 0.6880841121 0.0198598131 0.0233644860
0 0.6822429907 0.6285046729 0.0210280374 0.0280373832
0 0.7196261682 0.6308411215 0.0257009346 0.0303738318
0 0.4293224299 0.7207943925 0.0268691589 0.0140186916
0 0.4275700935 0.7003504673 0.0257009346 0.0151869159
0 0.4042056075 0.7067757009 0.0140186916 0.0280373832
0 0.4941588785 0.7301401869 0.0233644860 0.0233644860
0 0.5601635514 0.6904205607 0.0268691589 0.0140186916
0 0.5566588785 0.7710280374 0.0198598131 0.0210280374
0 0.5946261682 0.7605140187 0.0397196262 0.0163551402
0 0.4550233645 0.9678738318 0.0502336449 0.0478971963
0 0.5537383178 0.8790887850 0.0210280374 0.0268691589
0 0.5537383178 0.8790887850 0.0210280374 0.0268691589
