0 0.7453358209 0.6968283582 0.0317164179 0.0391791045
0 0.5391791045 0.8041044776 0.0335820896 0.0261194030
0 0.9179104478 0.9188432836 0.0335820896 0.0279850746
0 0.1240671642 0.9785447761 0.0205223881 0.0317164179
0 0.7182835821 0.9160447761 0.0298507463 0.0223880597
0 0.1753731343 0.5046641791 0.0223880597 0.0317164179
0 0.2882462687 0.3395522388 0.0205223881 0.0223880597
0 0.2770522388 0.3106343284 0.0242537313 0.0317164179
0 0.4291044776 0.2080223881 0.0223880597 0.0317164179
0 0.7798507463 0.3031716418 0.0298507463 0.0279850746
0 0.8274253731 0.2891791045 0.0317164179 0.0261194030
0 0.8610074627 0.3255597015 0.0317164179 0.0391791045
0 0.6212686567 0.4263059701 0.0447761194 0.0205223881
0 0.5578358209 0.4132462687 0.0373134328 0.0242537313
0 0.6315298507 0.3470149254 0.0167910448 0.0261194030
0 0.5774253731 0.0149253731 0.0242537313 0.0261194030
0 0.6054104478 0.0345149254 0.0167910448 0.0242537313
0 0.6445895522 0.1231343284 0.0242537313 0.0298507463
0 0.6828358209 0.0522388060 0.0223880597 0.0261194030
0 0.7117537313 0.0876865672 0.0205223881 0.0298507463
0 0.7444029851 0.1464552239 0.0186567164 0.0242537313
0 0.6026119403 0.2490671642 0.0149253731 0.0279850746
0 0.7527985075 0.0401119403 0.0242537313 0.0317164179
0 0.7761194030 0.0410447761 0.0223880597 0.0261194030
0 0.7845149254 0.0121268657 0.0205223881 0.0242537313
0 0.7406716418 0.1203358209 0.0186567164 0.0279850746
0 0.2341417910 0.7472014925 0.0167910448 0.0242537313
0 0.4048507463 0.8302238806 0.0223880597 0.0186567164
0 0.4048507463 0.8302238806 0.0223880597 0.0186567164
