0 0.5890688259 0.5087719298 0.1309041835 0.0593792173
0 0.5991902834 0.3502024291 0.0836707152 0.1255060729
0 0.6909581646 0.2597840756 0.1106612686 0.0931174089
0 0.5249662618 0.0978407557 0.0863697706 0.1309041835
0 0.4446693657 0.2820512821 0.0769230769 0.1052631579
0 0.3771929825 0.3434547908 0.0553306343 0.0904183536
0 0.2638326586 0.3630229420 0.0877192982 0.1106612686
0 0.2145748988 0.2402159244 0.0485829960 0.1052631579
0 0.1349527665 0.1626180837 0.0998650472 0.0742240216
0 0.0398110661 0.1599190283 0.0796221323 0.1066126856
0 0.0411605938 0.7921727395 0.0823211876 0.1106612686
0 0.1848852901 0.9385964912 0.1133603239 0.1147098516
0 0.0182186235 0.9541160594 0.0364372470 0.0917678812
0 0.7429149798 0.5883940621 0.1309041835 0.0755735493
0 0.8340080972 0.6524966262 0.0728744939 0.1147098516
0 0.9095816464 0.6848852901 0.0782726046 0.1147098516
0 0.9797570850 0.7354925776 0.0404858300 0.1187584345
0 0.7780026991 0.7604588394 0.1282051282 0.0904183536
0 0.9251012146 0.8819163293 0.1309041835 0.0958164642
0 0.9028340081 0.5404858300 0.0566801619 0.1255060729
0 0.7584345479 0.4993252362 0.1214574899 0.0539811066
0 0.8056680162 0.3987854251 0.1160593792 0.0904183536
0 0.9163292848 0.3717948718 0.0593792173 0.1093117409
0 0.9709851552 0.4851551957 0.0580296896 0.0634278003
