0 0.5894366197 0.2964788732 0.1028169014 0.1197183099
0 0.6746478873 0.3401408451 0.1070422535 0.0971830986
0 0.7225352113 0.2450704225 0.1323943662 0.0647887324
0 0.6464788732 0.0401408451 0.0873239437 0.0802816901
0 0.5084507042 0.1669014085 0.0647887324 0.1478873239
0 0.3816901408 0.1007042254 0.0507042254 0.1000000000
0 0.2119718310 0.4471830986 0.0690140845 0.1450704225
0 0.1246478873 0.3366197183 0.0746478873 0.1295774648
0 0.0500000000 0.3619718310 0.1000000000 0.0760563380
0 0.0049295775 0.2373239437 0.0098591549 0.1197183099
0 0.0394366197 0.6309859155 0.0788732394 0.1380281690
0 0.0183098592 0.7887323944 0.0366197183 0.1070422535
0 0.1422535211 0.7711267606 0.0563380282 0.1535211268
0 0.2288732394 0.7901408451 0.0718309859 0.1211267606
0 0.3492957746 0.8359154930 0.1042253521 0.1140845070
0 0.4288732394 0.8669014085 0.0746478873 0.1253521127
0 0.5683098592 0.9591549296 0.1084507042 0.0816901408
0 0.6795774648 0.9232394366 0.0859154930 0.1309859155
0 0.7816901408 0.8056338028 0.0816901408 0.1183098592
0 0.8464788732 0.8091549296 0.0704225352 0.1253521127
0 0.9711267606 0.8485915493 0.0577464789 0.0859154930
0 0.5338028169 0.6556338028 0.0901408451 0.1394366197
0 0.3746478873 0.7147887324 0.0507042254 0.1422535211
0 0.3014084507 0.7077464789 0.0845070423 0.1169014085
0 0.3380281690 0.5971830986 0.1492957746 0.0704225352
