0 0.4282828283 0.0121212121 0.0242424242 0.0242424242
0 0.5484848485 0.0151515152 0.0868686869 0.0303030303
0 0.7666666667 0.0101010101 0.0343434343 0.0202020202
0 0.8414141414 0.0101010101 0.0262626263 0.0202020202
0 0.0161616162 0.0777777778 0.0282828283 0.0303030303
0 0.1161616162 0.0808080808 0.0383838384 0.0444444444
0 0.2282828283 0.0696969697 0.0323232323 0.0383838384
0 0.2838383838 0.0323232323 0.0626262626 0.0606060606
0 0.3838383838 0.0707070707 0.0404040404 0.0525252525
0 0.3111111111 0.0949494949 0.0444444444 0.0323232323
0 0.4949494949 0.0414141414 0.0323232323 0.0424242424
0 0.5393939394 0.0595959596 0.0363636364 0.0545454545
0 0.4585858586 0.0303030303 0.0323232323 0.0363636364
0 0.5737373737 0.0616161616 0.0323232323 0.0343434343
0 0.6060606061 0.0727272727 0.0323232323 0.0282828283
0 0.7626262626 0.0595959596 0.0424242424 0.0343434343
0 0.9888888889 0.0303030303 0.0222222222 0.0525252525
0 0.0454545455 0.1191919192 0.0909090909 0.0404040404
0 0.2404040404 0.1262626263 0.0282828283 0.0424242424
0 0.2919191919 0.1393939394 0.0383838384 0.0242424242
0 0.3585858586 0.1585858586 0.0424242424 0.0262626263
0 0.4818181818 0.1070707071 0.0585858586 0.0525252525
0 0.4555555556 0.1464646465 0.0545454545 0.0424242424
0 0.5959595960 0.1343434343 0.0404040404 0.0343434343
0 0.0919191919 0.1848484848 0.0303030303 0.0303030303
0 0.1272727273 0.1858585859 0.0363636364 0.0323232323
0 0.2050505051 0.2414141414 0.0343434343 0.0464646465
0 0.1757575758 0.1838383838 0.0323232323 0.0363636364
0 0.2989898990 0.2272727273 0.0444444444 0.0464646465
0 0.3515151515 0.1919191919 0.0444444444 0.0404040404
0 0.4505050505 0.2262626263 0.0444444444 0.0363636364
0 0.4989898990 0.2333333333 0.0525252525 0.0626262626
0 0.5888888889 0.1929292929 0.0303030303 0.0222222222
0 0.6444444444 0.1757575758 0.0444444444 0.0363636364
0 0.6686868687 0.2121212121 0.0363636364 0.0363636364
0 0.7101010101 0.1949494949 0.0424242424 0.0666666667
0 0.8191919192 0.1696969697 0.0383838384 0.0606060606
0 0.3868686869 0.2616161616 0.0666666667 0.0707070707
0 0.5363636364 0.3141414141 0.0343434343 0.0343434343
0 0.4454545455 0.2838383838 0.0585858586 0.0626262626
0 0.6303030303 0.2747474747 0.0525252525 0.0686868687
0 0.5646464646 0.2646464646 0.0343434343 0.0444444444
0 0.7616161616 0.2434343434 0.0404040404 0.0343434343
0 0.2484848485 0.3383838384 0.0282828283 0.0303030303
0 0.1797979798 0.3515151515 0.0484848485 0.0444444444
0 0.3959595960 0.3343434343 0.0202020202 0.0383838384
0 0.3565656566 0.3676767677 0.0262626263 0.0323232323
0 0.4393939394 0.3414141414 0.0464646465 0.0565656566
0 0.4767676768 0.3535353535 0.0282828283 0.0565656566
0 0.6404040404 0.3363636364 0.0323232323 0.0343434343
0 0.5838383838 0.3636363636 0.0363636364 0.0404040404
0 0.8424242424 0.3444444444 0.0363636364 0.0383838384
0 0.1080808081 0.4505050505 0.0262626263 0.0282828283
0 0.2626262626 0.3989898990 0.0323232323 0.0343434343
0 0.1707070707 0.4222222222 0.0545454545 0.0444444444
0 0.2111111111 0.3909090909 0.0262626263 0.0424242424
0 0.3828282828 0.4111111111 0.0262626263 0.0424242424
0 0.5313131313 0.4101010101 0.0323232323 0.0404040404
0 0.4636363636 0.4060606061 0.0303030303 0.0323232323
0 0.5757575758 0.4252525253 0.0323232323 0.0424242424
0 0.6454545455 0.4272727273 0.0262626263 0.0383838384
0 0.8070707071 0.4272727273 0.0343434343 0.0303030303
0 0.0171717172 0.4868686869 0.0343434343 0.0242424242
0 0.2383838384 0.4898989899 0.0525252525 0.0585858586
0 0.1818181818 0.4767676768 0.0323232323 0.0242424242
0 0.5282828283 0.4969696970 0.0626262626 0.0363636364
0 0.5898989899 0.4787878788 0.0363636364 0.0444444444
0 0.7909090909 0.4929292929 0.0303030303 0.0444444444
0 0.9222222222 0.5000000000 0.0303030303 0.0262626263
0 0.0393939394 0.5646464646 0.0424242424 0.0343434343
0 0.1313131313 0.5474747475 0.0444444444 0.0606060606
0 0.1414141414 0.5989898990 0.0323232323 0.0343434343
0 0.2575757576 0.5868686869 0.0262626263 0.0303030303
0 0.3111111111 0.5919191919 0.0444444444 0.0525252525
0 0.5030303030 0.5565656566 0.0646464646 0.0464646465
0 0.6828282828 0.5808080808 0.0444444444 0.0626262626
0 0.7373737374 0.5868686869 0.0404040404 0.0383838384
0 0.9686868687 0.5636363636 0.0222222222 0.0323232323
0 0.9919191919 0.5393939394 0.0161616162 0.0323232323
0 0.0909090909 0.6636363636 0.0323232323 0.0343434343
0 0.1969696970 0.6141414141 0.0505050505 0.0484848485
0 0.2202020202 0.6636363636 0.0686868687 0.0626262626
0 0.3292929293 0.6393939394 0.0404040404 0.0424242424
0 0.6171717172 0.6111111111 0.0383838384 0.0343434343
0 0.6111111111 0.6484848485 0.0424242424 0.0282828283
0 0.5636363636 0.6363636364 0.0404040404 0.0727272727
0 0.7959595960 0.6555555556 0.0404040404 0.0464646465
0 0.0151515152 0.6979797980 0.0303030303 0.0383838384
0 0.1333333333 0.6989898990 0.0282828283 0.0282828283
0 0.2363636364 0.7020202020 0.0282828283 0.0424242424
0 0.2555555556 0.7424242424 0.0383838384 0.0424242424
0 0.3252525253 0.6939393939 0.0404040404 0.0343434343
0 0.4676767677 0.7070707071 0.0424242424 0.0646464646
0 0.4191919192 0.7151515152 0.0383838384 0.0282828283
0 0.0161616162 0.8030303030 0.0323232323 0.0585858586
0 0.1393939394 0.7969696970 0.0525252525 0.0464646465
0 0.4292929293 0.7707070707 0.0383838384 0.0383838384
0 0.0050505051 0.8494949495 0.0101010101 0.0424242424
0 0.0797979798 0.8757575758 0.0464646465 0.0343434343
0 0.0363636364 0.8414141414 0.0404040404 0.0464646465
0 0.1858585859 0.8343434343 0.0646464646 0.0323232323
0 0.1777777778 0.8838383838 0.0646464646 0.0424242424
0 0.3313131313 0.8595959596 0.0646464646 0.0464646465
0 0.0121212121 0.9111111111 0.0242424242 0.0323232323
0 0.0444444444 0.9585858586 0.0565656566 0.0383838384
0 0.3454545455 0.4484848485 0.0323232323 0.0363636364
0 0.3202020202 0.4070707071 0.0222222222 0.0303030303
0 0.0151515152 0.2484848485 0.0262626263 0.0242424242
0 0.0121212121 0.3292929293 0.0242424242 0.0282828283
0 0.0323232323 0.3666666667 0.0242424242 0.0222222222
0 0.7000000000 0.4787878788 0.0545454545 0.0606060606
0 0.6797979798 0.4414141414 0.0222222222 0.0262626263
0 0.9696969697 0.6080808081 0.0606060606 0.0484848485
0 0.7585858586 0.1868686869 0.0383838384 0.0343434343
0 0.7777777778 0.1454545455 0.0282828283 0.0404040404
0 0.7404040404 0.1505050505 0.0383838384 0.0343434343
0 0.7383838384 0.1040404040 0.0222222222 0.0262626263
0 0.7121212121 0.0939393939 0.0222222222 0.0262626263
0 0.7070707071 0.0333333333 0.0525252525 0.0666666667
