0 0.3269689737 0.2887828162 0.0954653938 0.1288782816
0 0.7326968974 0.2159904535 0.1002386635 0.1026252983
0 0.6587112172 0.2983293556 0.0811455847 0.0668257757
0 0.5596658711 0.4701670644 0.1121718377 0.0859188544
0 0.4451073986 0.4761336516 0.0835322196 0.0739856802
0 0.5119331742 0.8102625298 0.1026252983 0.0739856802
0 0.7350835322 0.7374701671 0.1002386635 0.1241050119
0 0.8114558473 0.6694510740 0.1050119332 0.0739856802
0 0.6837708831 0.6073985680 0.1169451074 0.0835322196
0 0.5739856802 0.6706443914 0.1312649165 0.0668257757
0 0.7852028640 0.5823389021 0.0859188544 0.0620525060
0 0.8627684964 0.5310262530 0.1073985680 0.0835322196
0 0.9295942721 0.4856801909 0.1026252983 0.0692124105
0 0.9200477327 0.4212410501 0.0787589499 0.0692124105
0 0.9880668258 0.3723150358 0.0238663484 0.0859188544
0 0.9105011933 0.3162291169 0.1360381862 0.0596658711
0 0.8687350835 0.2625298329 0.0954653938 0.0763723150
0 0.7649164678 0.2899761337 0.0930787589 0.0739856802
0 0.7565632458 0.3890214797 0.0763723150 0.1050119332
0 0.8293556086 0.3973747017 0.0787589499 0.1026252983
