0 0.8074003795 0.8548387097 0.0550284630 0.0512333966
0 0.7134724858 0.8159392789 0.0531309298 0.0493358634
0 0.8368121442 0.7172675522 0.0493358634 0.0569259962
0 0.7020872865 0.6793168880 0.0455407970 0.0341555977
0 0.6679316888 0.7400379507 0.0379506641 0.0531309298
0 0.6119544592 0.7457305503 0.0815939279 0.0531309298
0 0.5275142315 0.6413662239 0.0341555977 0.0645161290
0 0.5218216319 0.7533206831 0.0493358634 0.0417457306
0 0.4810246679 0.8311195446 0.0626185958 0.0645161290
0 0.4070208729 0.9041745731 0.0360531309 0.0550284630
0 0.3235294118 0.9354838710 0.0398481973 0.0531309298
0 0.4535104364 0.9800759013 0.0948766603 0.0398481973
0 0.7077798861 0.8984819734 0.0645161290 0.0550284630
0 0.6470588235 0.9592030361 0.0265654649 0.0360531309
0 0.1404174573 0.9810246679 0.0455407970 0.0379506641
0 0.1612903226 0.9146110057 0.0341555977 0.0493358634
0 0.1252371917 0.8453510436 0.0493358634 0.0550284630
0 0.1821631879 0.8064516129 0.0531309298 0.0683111954
0 0.0170777989 0.6166982922 0.0341555977 0.0493358634
0 0.2580645161 0.2049335863 0.0265654649 0.0379506641
0 0.2514231499 0.3434535104 0.0550284630 0.0417457306
0 0.2988614801 0.4430740038 0.0436432638 0.0550284630
0 0.4857685009 0.4848197343 0.0379506641 0.0436432638
0 0.3111954459 0.5464895636 0.0796963947 0.0531309298
0 0.3187855787 0.6612903226 0.0531309298 0.0436432638
0 0.2770398482 0.6925996205 0.0531309298 0.0379506641
0 0.2751423150 0.7637571157 0.0493358634 0.0550284630
0 0.5939278937 0.5028462998 0.0417457306 0.0265654649
0 0.5844402277 0.4724857685 0.0531309298 0.0303605313
0 0.5075901328 0.4326375712 0.0474383302 0.0531309298
0 0.7191650854 0.4819734345 0.0417457306 0.0531309298
0 0.7941176471 0.4838709677 0.0512333966 0.0493358634
0 0.7931688805 0.4165085389 0.0455407970 0.0436432638
0 0.7296015180 0.4013282732 0.0588235294 0.0360531309
0 0.7561669829 0.3605313093 0.0474383302 0.0417457306
0 0.7277039848 0.3102466793 0.0398481973 0.0398481973
0 0.8851992410 0.3159392789 0.0588235294 0.0474383302
0 0.9810246679 0.3472485769 0.0379506641 0.0493358634
0 0.9108159393 0.3880455408 0.0417457306 0.0512333966
0 0.8633776091 0.4734345351 0.0417457306 0.0398481973
0 0.8899430740 0.5009487666 0.0455407970 0.0417457306
0 0.9563567362 0.5455407970 0.0417457306 0.0436432638
0 0.9032258065 0.6404174573 0.0796963947 0.0664136622
0 0.8538899431 0.6290322581 0.0303605313 0.0512333966
0 0.7893738140 0.5901328273 0.0531309298 0.0455407970
0 0.7447817837 0.5759013283 0.0398481973 0.0474383302
0 0.7362428843 0.5417457306 0.0531309298 0.0398481973
0 0.6973434535 0.5075901328 0.0436432638 0.0436432638
0 0.6888045541 0.5436432638 0.0341555977 0.0474383302
0 0.6774193548 0.5948766603 0.0417457306 0.0588235294
0 0.1925996205 0.4316888046 0.0512333966 0.0284629981
0 0.4525616698 0.3368121442 0.0664136622 0.0664136622
0 0.4620493359 0.2466793169 0.0512333966 0.0531309298
0 0.4924098672 0.1859582543 0.0436432638 0.0455407970
0 0.4354838710 0.1385199241 0.0626185958 0.0683111954
0 0.3652751423 0.0521821632 0.0436432638 0.0588235294
0 0.7049335863 0.0132827324 0.0360531309 0.0265654649
0 0.7637571157 0.1110056926 0.0398481973 0.0474383302
0 0.8292220114 0.1015180266 0.0493358634 0.0360531309
0 0.9620493359 0.0853889943 0.0417457306 0.0417457306
0 0.8918406072 0.1736242884 0.0607210626 0.0512333966
0 0.8491461101 0.2210626186 0.0512333966 0.0322580645
0 0.7789373814 0.9478178368 0.0284629981 0.0322580645
