0 0.5985460420 0.4894991922 0.1567043619 0.0710823910
0 0.6106623586 0.2996768982 0.1001615509 0.1502423263
0 0.7205169628 0.1914378029 0.1324717286 0.1114701131
0 0.5218093700 0.0379644588 0.1033925687 0.0759289176
0 0.4256865913 0.2180936995 0.0920840065 0.1260096931
0 0.3449111470 0.2915993538 0.0662358643 0.1082390953
0 0.2092084006 0.3150242326 0.1050080775 0.1324717286
0 0.1502423263 0.1680129241 0.0581583199 0.1260096931
0 0.0573505654 0.0751211632 0.1147011309 0.0888529887
0 0.1147011309 0.9676898223 0.1357027464 0.0646203554
0 0.7827140549 0.5848142165 0.1567043619 0.0904684976
0 0.8917609047 0.6615508885 0.0872374798 0.1373182553
0 0.9676898223 0.7003231018 0.0646203554 0.1373182553
0 0.8247172859 0.7907915994 0.1534733441 0.1082390953
0 0.9612277868 0.9361873990 0.0775444265 0.1147011309
0 0.9701130856 0.5274636511 0.0597738288 0.1502423263
0 0.8012924071 0.4781906300 0.1453957997 0.0646203554
0 0.8578352181 0.3578352181 0.1389337641 0.1082390953
0 0.9773828756 0.3255250404 0.0452342488 0.1308562197
