0 0.4867149758 0.0543478261 0.0362318841 0.0289855072
0 0.1262077295 0.2463768116 0.0229468599 0.0241545894
0 0.4541062802 0.2288647343 0.0362318841 0.0277777778
0 0.6298309179 0.2391304348 0.0253623188 0.0265700483
0 0.7506038647 0.2131642512 0.0205314010 0.0181159420
0 0.6630434783 0.2240338164 0.0193236715 0.0205314010
0 0.7928743961 0.2240338164 0.0181159420 0.0205314010
0 0.8466183575 0.1980676329 0.0193236715 0.0265700483
0 0.8472222222 0.2373188406 0.0229468599 0.0181159420
0 0.7983091787 0.1968599034 0.0217391304 0.0193236715
0 0.8448067633 0.1811594203 0.0326086957 0.0169082126
0 0.7741545894 0.2336956522 0.0193236715 0.0205314010
0 0.9329710145 0.2246376812 0.0253623188 0.0289855072
0 0.8925120773 0.2204106280 0.0241545894 0.0157004831
0 0.8846618357 0.2022946860 0.0205314010 0.0229468599
0 0.5706521739 0.3176328502 0.0205314010 0.0241545894
0 0.6352657005 0.3025362319 0.0217391304 0.0205314010
0 0.6533816425 0.2475845411 0.0289855072 0.0193236715
0 0.5839371981 0.2971014493 0.0277777778 0.0193236715
0 0.6684782609 0.2995169082 0.0253623188 0.0169082126
0 0.6714975845 0.2832125604 0.0265700483 0.0181159420
0 0.6600241546 0.2741545894 0.0253623188 0.0193236715
0 0.6835748792 0.2608695652 0.0241545894 0.0169082126
0 0.7415458937 0.2675120773 0.0144927536 0.0253623188
0 0.7137681159 0.2500000000 0.0217391304 0.0265700483
0 0.7373188406 0.2904589372 0.0205314010 0.0181159420
0 0.6986714976 0.2886473430 0.0181159420 0.0265700483
0 0.8327294686 0.2711352657 0.0205314010 0.0205314010
0 0.8079710145 0.2886473430 0.0144927536 0.0265700483
0 0.7886473430 0.3001207729 0.0265700483 0.0157004831
0 0.7620772947 0.2475845411 0.0241545894 0.0217391304
0 0.7892512077 0.2844202899 0.0229468599 0.0181159420
0 0.9064009662 0.2753623188 0.0132850242 0.0434782609
0 0.8858695652 0.3091787440 0.0205314010 0.0193236715
0 0.9064009662 0.3049516908 0.0205314010 0.0205314010
0 0.9601449275 0.3170289855 0.0169082126 0.0229468599
0 0.2083333333 0.3864734300 0.0277777778 0.0338164251
0 0.4462560386 0.3786231884 0.0181159420 0.0205314010
0 0.5471014493 0.3629227053 0.0241545894 0.0205314010
0 0.4637681159 0.3677536232 0.0169082126 0.0229468599
0 0.4981884058 0.3435990338 0.0253623188 0.0157004831
0 0.4939613527 0.3725845411 0.0241545894 0.0253623188
0 0.5464975845 0.3900966184 0.0277777778 0.0144927536
0 0.6092995169 0.3369565217 0.0205314010 0.0338164251
0 0.5797101449 0.3750000000 0.0265700483 0.0132850242
0 0.6425120773 0.3278985507 0.0169082126 0.0229468599
0 0.6159420290 0.3762077295 0.0217391304 0.0181159420
0 0.5658212560 0.3387681159 0.0253623188 0.0157004831
0 0.5839371981 0.3351449275 0.0229468599 0.0157004831
0 0.6316425121 0.3635265700 0.0193236715 0.0241545894
0 0.7270531401 0.3429951691 0.0289855072 0.0217391304
0 0.6859903382 0.3339371981 0.0241545894 0.0181159420
0 0.7355072464 0.3780193237 0.0241545894 0.0217391304
0 0.7125603865 0.3653381643 0.0193236715 0.0205314010
0 0.6733091787 0.3870772947 0.0229468599 0.0205314010
0 0.8121980676 0.3248792271 0.0229468599 0.0169082126
0 0.7735507246 0.3429951691 0.0181159420 0.0314009662
0 0.8073671498 0.3574879227 0.0229468599 0.0193236715
0 0.7578502415 0.3254830918 0.0157004831 0.0229468599
0 0.8333333333 0.3858695652 0.0241545894 0.0205314010
0 0.7868357488 0.3653381643 0.0157004831 0.0229468599
0 0.8840579710 0.3677536232 0.0217391304 0.0277777778
0 0.8599033816 0.3617149758 0.0169082126 0.0253623188
0 0.2421497585 0.4371980676 0.0809178744 0.0265700483
0 0.4456521739 0.4033816425 0.0265700483 0.0144927536
0 0.4371980676 0.4311594203 0.0289855072 0.0169082126
0 0.4794685990 0.3991545894 0.0217391304 0.0205314010
0 0.4806763285 0.4227053140 0.0265700483 0.0169082126
0 0.4679951691 0.4444444444 0.0205314010 0.0289855072
0 0.5247584541 0.4565217391 0.0157004831 0.0241545894
0 0.5368357488 0.4003623188 0.0157004831 0.0229468599
0 0.5102657005 0.3961352657 0.0229468599 0.0241545894
0 0.5150966184 0.4233091787 0.0229468599 0.0229468599
0 0.5676328502 0.4239130435 0.0193236715 0.0265700483
0 0.5621980676 0.4432367150 0.0253623188 0.0169082126
0 0.6388888889 0.3949275362 0.0265700483 0.0241545894
0 0.5766908213 0.3919082126 0.0229468599 0.0205314010
0 0.6189613527 0.4535024155 0.0253623188 0.0132850242
0 0.6914251208 0.4082125604 0.0157004831 0.0265700483
0 0.6733091787 0.4390096618 0.0205314010 0.0229468599
0 0.7016908213 0.4480676329 0.0265700483 0.0169082126
0 0.7216183575 0.4027777778 0.0229468599 0.0205314010
0 0.6666666667 0.4607487923 0.0193236715 0.0229468599
0 0.7795893720 0.4492753623 0.0205314010 0.0241545894
0 0.8478260870 0.4227053140 0.0217391304 0.0241545894
0 0.8152173913 0.4257246377 0.0217391304 0.0205314010
0 0.8387681159 0.4522946860 0.0253623188 0.0205314010
0 0.8737922705 0.4214975845 0.0157004831 0.0241545894
0 0.9166666667 0.4329710145 0.0144927536 0.0446859903
0 0.2868357488 0.4794685990 0.0205314010 0.0265700483
0 0.4474637681 0.5048309179 0.0229468599 0.0217391304
0 0.3919082126 0.4673913043 0.0205314010 0.0241545894
0 0.4390096618 0.4704106280 0.0229468599 0.0157004831
0 0.4619565217 0.4879227053 0.0229468599 0.0169082126
0 0.4281400966 0.4945652174 0.0229468599 0.0229468599
0 0.5561594203 0.4704106280 0.0301932367 0.0205314010
0 0.4957729469 0.5271739130 0.0157004831 0.0253623188
0 0.5416666667 0.4963768116 0.0157004831 0.0241545894
0 0.5259661836 0.5078502415 0.0229468599 0.0181159420
0 0.5187198068 0.5271739130 0.0205314010 0.0205314010
0 0.5090579710 0.4903381643 0.0157004831 0.0241545894
0 0.6407004831 0.4945652174 0.0132850242 0.0253623188
0 0.6346618357 0.5138888889 0.0253623188 0.0132850242
0 0.6074879227 0.5175120773 0.0265700483 0.0157004831
0 0.5893719807 0.4740338164 0.0265700483 0.0229468599
0 0.5603864734 0.4909420290 0.0144927536 0.0253623188
0 0.6600241546 0.4861111111 0.0181159420 0.0229468599
0 0.7047101449 0.4679951691 0.0157004831 0.0253623188
0 0.7035024155 0.5000000000 0.0229468599 0.0169082126
0 0.6702898551 0.5066425121 0.0289855072 0.0132850242
0 0.6884057971 0.5030193237 0.0193236715 0.0205314010
0 0.7723429952 0.4740338164 0.0205314010 0.0229468599
0 0.8230676329 0.5295893720 0.0253623188 0.0181159420
0 0.8423913043 0.4800724638 0.0253623188 0.0132850242
0 0.8774154589 0.4945652174 0.0229468599 0.0253623188
0 0.8816425121 0.4655797101 0.0289855072 0.0132850242
0 0.9027777778 0.4897342995 0.0205314010 0.0205314010
0 0.8514492754 0.5368357488 0.0193236715 0.0253623188
0 0.4806763285 0.5640096618 0.0193236715 0.0217391304
0 0.5126811594 0.6020531401 0.0157004831 0.0229468599
0 0.4993961353 0.5531400966 0.0253623188 0.0193236715
0 0.4836956522 0.5863526570 0.0229468599 0.0205314010
0 0.5344202899 0.5513285024 0.0157004831 0.0277777778
0 0.5591787440 0.5591787440 0.0265700483 0.0193236715
0 0.5066425121 0.5682367150 0.0301932367 0.0205314010
0 0.6376811594 0.5634057971 0.0217391304 0.0205314010
0 0.6539855072 0.5706521739 0.0181159420 0.0277777778
0 0.5954106280 0.5833333333 0.0217391304 0.0193236715
0 0.5948067633 0.6086956522 0.0229468599 0.0241545894
0 0.5875603865 0.5422705314 0.0181159420 0.0265700483
0 0.5646135266 0.5990338164 0.0181159420 0.0217391304
0 0.6570048309 0.5942028986 0.0217391304 0.0241545894
0 0.7421497585 0.5440821256 0.0205314010 0.0229468599
0 0.6890096618 0.6044685990 0.0229468599 0.0181159420
0 0.7276570048 0.5772946860 0.0253623188 0.0241545894
0 0.7469806763 0.5966183575 0.0229468599 0.0193236715
0 0.8460144928 0.6044685990 0.0253623188 0.0253623188
0 0.7675120773 0.5368357488 0.0253623188 0.0132850242
0 0.7729468599 0.5676328502 0.0265700483 0.0144927536
0 0.8212560386 0.5712560386 0.0241545894 0.0217391304
0 0.8623188406 0.5875603865 0.0217391304 0.0277777778
0 0.9251207729 0.5815217391 0.0169082126 0.0229468599
0 0.8925120773 0.5972222222 0.0193236715 0.0253623188
0 0.8913043478 0.5368357488 0.0169082126 0.0253623188
0 0.4897342995 0.6274154589 0.0374396135 0.0253623188
0 0.5012077295 0.6648550725 0.0217391304 0.0229468599
0 0.4692028986 0.6672705314 0.0229468599 0.0205314010
0 0.5507246377 0.6310386473 0.0241545894 0.0157004831
0 0.5241545894 0.6672705314 0.0193236715 0.0277777778
0 0.5797101449 0.6437198068 0.0169082126 0.0265700483
0 0.5893719807 0.6648550725 0.0169082126 0.0253623188
0 0.6237922705 0.6739130435 0.0181159420 0.0217391304
0 0.6515700483 0.6564009662 0.0205314010 0.0181159420
0 0.6358695652 0.6491545894 0.0181159420 0.0229468599
0 0.6165458937 0.6425120773 0.0301932367 0.0193236715
0 0.6280193237 0.6219806763 0.0217391304 0.0217391304
0 0.5628019324 0.6189613527 0.0193236715 0.0205314010
0 0.6606280193 0.6690821256 0.0265700483 0.0144927536
0 0.7512077295 0.6491545894 0.0241545894 0.0181159420
0 0.7415458937 0.6775362319 0.0241545894 0.0193236715
0 0.6594202899 0.6382850242 0.0241545894 0.0181159420
0 0.6823671498 0.6551932367 0.0169082126 0.0253623188
0 0.6896135266 0.6376811594 0.0241545894 0.0169082126
0 0.8369565217 0.6207729469 0.0217391304 0.0193236715
0 0.8218599034 0.6334541063 0.0181159420 0.0350241546
0 0.8327294686 0.6654589372 0.0205314010 0.0193236715
0 0.7971014493 0.6600241546 0.0241545894 0.0181159420
0 0.7663043478 0.6733091787 0.0253623188 0.0157004831
0 0.7777777778 0.6509661836 0.0265700483 0.0144927536
0 0.7989130435 0.6195652174 0.0205314010 0.0217391304
0 0.7554347826 0.6183574879 0.0229468599 0.0217391304
0 0.8031400966 0.6497584541 0.0217391304 0.0217391304
0 0.8605072464 0.6564009662 0.0277777778 0.0132850242
0 0.8888888889 0.6262077295 0.0314009662 0.0277777778
0 0.8719806763 0.6497584541 0.0265700483 0.0144927536
0 0.5072463768 0.7143719807 0.0217391304 0.0181159420
0 0.5368357488 0.6980676329 0.0229468599 0.0217391304
0 0.4969806763 0.6944444444 0.0205314010 0.0217391304
0 0.4643719807 0.7022946860 0.0229468599 0.0205314010
0 0.5374396135 0.7222222222 0.0241545894 0.0169082126
0 0.5954106280 0.6938405797 0.0241545894 0.0157004831
0 0.5905797101 0.7125603865 0.0241545894 0.0169082126
0 0.6250000000 0.7035024155 0.0181159420 0.0205314010
0 0.6449275362 0.6998792271 0.0241545894 0.0205314010
0 0.5754830918 0.6932367150 0.0181159420 0.0217391304
0 0.6425120773 0.7288647343 0.0193236715 0.0253623188
0 0.5688405797 0.7463768116 0.0193236715 0.0241545894
0 0.6177536232 0.7312801932 0.0157004831 0.0229468599
0 0.5984299517 0.7276570048 0.0229468599 0.0157004831
0 0.7095410628 0.7427536232 0.0205314010 0.0193236715
0 0.7143719807 0.6938405797 0.0253623188 0.0205314010
0 0.6841787440 0.6914251208 0.0253623188 0.0132850242
0 0.6660628019 0.7415458937 0.0253623188 0.0169082126
0 0.7288647343 0.7294685990 0.0253623188 0.0241545894
0 0.7493961353 0.7355072464 0.0157004831 0.0241545894
0 0.8146135266 0.6835748792 0.0157004831 0.0265700483
0 0.7735507246 0.7234299517 0.0253623188 0.0169082126
0 0.8351449275 0.7306763285 0.0229468599 0.0169082126
0 0.8152173913 0.7258454106 0.0217391304 0.0193236715
0 0.8278985507 0.7463768116 0.0229468599 0.0169082126
0 0.7801932367 0.6968599034 0.0241545894 0.0265700483
0 0.8031400966 0.7065217391 0.0169082126 0.0265700483
0 0.9353864734 0.7198067633 0.0253623188 0.0169082126
0 0.8882850242 0.7524154589 0.0205314010 0.0241545894
0 0.9130434783 0.6908212560 0.0217391304 0.0289855072
0 0.9329710145 0.7415458937 0.0181159420 0.0217391304
0 0.9516908213 0.6932367150 0.0265700483 0.0314009662
0 0.6515700483 0.7862318841 0.0277777778 0.0144927536
0 0.5996376812 0.7747584541 0.0157004831 0.0229468599
0 0.5863526570 0.7699275362 0.0181159420 0.0205314010
0 0.6564009662 0.8097826087 0.0253623188 0.0132850242
0 0.6497584541 0.7650966184 0.0265700483 0.0157004831
0 0.6256038647 0.7717391304 0.0144927536 0.0289855072
0 0.6612318841 0.7542270531 0.0253623188 0.0132850242
0 0.7216183575 0.7687198068 0.0253623188 0.0157004831
0 0.7185990338 0.7958937198 0.0241545894 0.0241545894
0 0.8146135266 0.7826086957 0.0205314010 0.0193236715
0 0.7868357488 0.7548309179 0.0277777778 0.0144927536
0 0.7735507246 0.7735507246 0.0157004831 0.0229468599
0 0.8768115942 0.8025362319 0.0193236715 0.0205314010
0 0.8617149758 0.7590579710 0.0181159420 0.0229468599
0 0.7832125604 0.8381642512 0.0205314010 0.0217391304
0 0.8224637681 0.8272946860 0.0410628019 0.0169082126
0 0.8037439614 0.8635265700 0.0253623188 0.0144927536
0 0.7801932367 0.9498792271 0.0217391304 0.0277777778
0 0.7801932367 0.9498792271 0.0217391304 0.0277777778
