0 0.4154411765 0.9926470588 0.0404411765 0.0147058824
0 0.4963235294 0.9273897059 0.0330882353 0.0386029412
0 0.5735294118 0.9522058824 0.0330882353 0.0330882353
0 0.8327205882 0.8373161765 0.0294117647 0.0312500000
0 0.8805147059 0.8042279412 0.0294117647 0.0312500000
0 0.7996323529 0.7647058824 0.0330882353 0.0257352941
0 0.7858455882 0.7334558824 0.0312500000 0.0294117647
0 0.5799632353 0.7371323529 0.0275735294 0.0294117647
0 0.5330882353 0.7251838235 0.0330882353 0.0312500000
0 0.9512867647 0.7454044118 0.0275735294 0.0275735294
0 0.9825367647 0.7398897059 0.0275735294 0.0238970588
0 0.1158088235 0.6194852941 0.0441176471 0.0441176471
0 0.1755514706 0.9292279412 0.0496323529 0.0386029412
0 0.0808823529 0.9034926471 0.0330882353 0.0569852941
0 0.0091911765 0.8906250000 0.0183823529 0.0238970588
0 0.6498161765 0.6093750000 0.0275735294 0.0496323529
0 0.7178308824 0.5496323529 0.0533088235 0.0477941176
0 0.7656250000 0.6047794118 0.0312500000 0.0220588235
0 0.7389705882 0.6314338235 0.0294117647 0.0275735294
0 0.7316176471 0.6893382353 0.0330882353 0.0367647059
0 0.8446691176 0.6709558824 0.0680147059 0.0588235294
0 0.9503676471 0.6911764706 0.0367647059 0.0294117647
0 0.8134191176 0.5735294118 0.0238970588 0.0367647059
0 0.7527573529 0.4981617647 0.0386029412 0.0551470588
0 0.6452205882 0.4126838235 0.0330882353 0.0312500000
0 0.6737132353 0.4503676471 0.0312500000 0.0367647059
0 0.7113970588 0.4053308824 0.0367647059 0.0386029412
0 0.7500000000 0.3685661765 0.0294117647 0.0312500000
0 0.8226102941 0.4356617647 0.0275735294 0.0330882353
0 0.9209558824 0.4329044118 0.0330882353 0.0202205882
0 0.9898897059 0.4356617647 0.0202205882 0.0330882353
0 0.8777573529 0.3639705882 0.0238970588 0.0294117647
0 0.5781250000 0.4623161765 0.0422794118 0.0422794118
0 0.5064338235 0.5110294118 0.0312500000 0.0330882353
0 0.4108455882 0.4310661765 0.0422794118 0.0275735294
0 0.5220588235 0.2582720588 0.0514705882 0.0459558824
0 0.5560661765 0.3051470588 0.0275735294 0.0220588235
0 0.5009191176 0.1332720588 0.0386029412 0.0606617647
0 0.4696691176 0.1636029412 0.0386029412 0.0477941176
0 0.7362132353 0.1433823529 0.0386029412 0.0367647059
0 0.7775735294 0.0937500000 0.0330882353 0.0294117647
0 0.8143382353 0.1121323529 0.0294117647 0.0330882353
0 0.9687500000 0.2334558824 0.0257352941 0.0220588235
0 0.9908088235 0.2169117647 0.0183823529 0.0257352941
0 0.2674632353 0.5560661765 0.0238970588 0.0275735294
0 0.3290441176 0.4329044118 0.0183823529 0.0349264706
0 0.1829044118 0.6801470588 0.0349264706 0.0330882353
0 0.2169117647 0.7169117647 0.0477941176 0.0514705882
0 0.2591911765 0.0101102941 0.0257352941 0.0202205882
0 0.3198529412 0.1443014706 0.0220588235 0.0275735294
0 0.3446691176 0.0670955882 0.0202205882 0.0238970588
