0 0.6677018634 0.7370600414 0.2008281573 0.0910973085
0 0.6832298137 0.4937888199 0.1283643892 0.1925465839
0 0.8240165631 0.3550724638 0.1697722567 0.1428571429
0 0.5693581781 0.1066252588 0.1325051760 0.2008281573
0 0.4461697723 0.3892339545 0.1180124224 0.1614906832
0 0.3426501035 0.4834368530 0.0848861284 0.1387163561
0 0.1687370600 0.5134575569 0.1345755694 0.1697722567
0 0.0931677019 0.3250517598 0.0745341615 0.1614906832
0 0.0238095238 0.2060041408 0.0476190476 0.1138716356
0 0.9016563147 0.8592132505 0.1966873706 0.1159420290
0 0.9937888199 0.9347826087 0.0124223602 0.1304347826
0 0.9171842650 0.7225672878 0.1656314700 0.0828157350
0 0.9554865424 0.5683229814 0.0890269151 0.1387163561
