0 0.7748287671 0.4212328767 0.1660958904 0.0753424658
0 0.7876712329 0.2200342466 0.1061643836 0.1592465753
0 0.9041095890 0.1053082192 0.1404109589 0.1181506849
0 0.5916095890 0.1335616438 0.0976027397 0.1335616438
0 0.5059931507 0.2114726027 0.0702054795 0.1147260274
0 0.3621575342 0.2363013699 0.1113013699 0.1404109589
0 0.2996575342 0.0804794521 0.0616438356 0.1335616438
0 0.1986301370 0.0145547945 0.1267123288 0.0291095890
0 0.0642123288 0.0231164384 0.1284246575 0.0462328767
0 0.0659246575 0.7808219178 0.1318493151 0.1404109589
0 0.2619863014 0.9469178082 0.1438356164 0.1061643836
0 0.0368150685 0.9640410959 0.0736301370 0.0719178082
0 0.9434931507 0.5222602740 0.1130136986 0.0958904110
0 0.9666095890 0.7405821918 0.0667808219 0.1147260274
0 0.9563356164 0.4092465753 0.0873287671 0.0684931507
0 0.9880136986 0.2816780822 0.0239726027 0.1147260274
