0 0.3388278388 0.9261294261 0.0500610501 0.0329670330
0 0.3748473748 0.9841269841 0.0512820513 0.0317460317
0 0.4267399267 0.9914529915 0.0402930403 0.0170940171
0 0.5964590965 0.8577533578 0.0402930403 0.0427350427
0 0.2326007326 0.7045177045 0.0451770452 0.0317460317
0 0.2063492063 0.6294261294 0.0317460317 0.0305250305
0 0.1770451770 0.5579975580 0.0293040293 0.0390720391
0 0.8638583639 0.3724053724 0.0402930403 0.0634920635
0 0.9322344322 0.3998778999 0.0378510379 0.0305250305
0 0.9621489621 0.2448107448 0.0341880342 0.0598290598
0 0.8833943834 0.2924297924 0.0329670330 0.0476190476
0 0.8547008547 0.1330891331 0.0537240537 0.0488400488
0 0.8675213675 0.0067155067 0.0427350427 0.0134310134
0 0.3168498168 0.4566544567 0.0378510379 0.0390720391
0 0.3217338217 0.6605616606 0.0476190476 0.0366300366
0 0.3547008547 0.7844932845 0.0451770452 0.0427350427
0 0.4059829060 0.8626373626 0.0256410256 0.0305250305
