0 0.6312056738 0.9893617021 0.0425531915 0.0212765957
0 0.6134751773 0.9550827423 0.0401891253 0.0378250591
0 0.3486997636 0.9598108747 0.0354609929 0.0378250591
0 0.2884160757 0.9444444444 0.0425531915 0.0401891253
0 0.8262411348 0.9704491726 0.0354609929 0.0354609929
0 0.8664302600 0.9633569740 0.0354609929 0.0307328605
0 0.4385342790 0.7955082742 0.0354609929 0.0638297872
0 0.5260047281 0.7186761229 0.0685579196 0.0614657210
0 0.5874704492 0.7895981087 0.0401891253 0.0283687943
0 0.5531914894 0.8238770686 0.0378250591 0.0354609929
0 0.5437352246 0.8983451537 0.0425531915 0.0472813239
0 0.6891252955 0.8747044917 0.0874704492 0.0756501182
0 0.8250591017 0.9007092199 0.0472813239 0.0378250591
0 0.6489361702 0.7494089835 0.0307328605 0.0472813239
0 0.5709219858 0.6524822695 0.0496453901 0.0709219858
0 0.4326241135 0.5425531915 0.0425531915 0.0401891253
0 0.4692671395 0.5910165485 0.0401891253 0.0472813239
0 0.5177304965 0.5330969267 0.0472813239 0.0496453901
0 0.5673758865 0.4858156028 0.0378250591 0.0401891253
0 0.6607565012 0.5721040189 0.0354609929 0.0425531915
0 0.7872340426 0.5685579196 0.0425531915 0.0260047281
0 0.8817966903 0.5721040189 0.0378250591 0.0425531915
0 0.7316784870 0.4799054374 0.0307328605 0.0378250591
0 0.3463356974 0.6063829787 0.0543735225 0.0543735225
0 0.2541371158 0.6690307329 0.0401891253 0.0425531915
0 0.1312056738 0.5661938534 0.0543735225 0.0354609929
0 0.2742316785 0.3439716312 0.0661938534 0.0591016548
0 0.3179669031 0.4042553191 0.0354609929 0.0283687943
0 0.9456264775 0.6808510638 0.0472813239 0.0472813239
0 0.9018912530 0.6252955083 0.0449172577 0.0354609929
0 0.2470449173 0.1832151300 0.0496453901 0.0780141844
0 0.2068557920 0.2222222222 0.0496453901 0.0614657210
0 0.5496453901 0.1962174941 0.0496453901 0.0472813239
0 0.6028368794 0.1323877069 0.0425531915 0.0378250591
0 0.6501182033 0.1560283688 0.0378250591 0.0425531915
0 0.9255319149 0.1808510638 0.0260047281 0.0354609929
0 0.8486997636 0.3120567376 0.0330969267 0.0283687943
0 0.8770685579 0.2907801418 0.0236406619 0.0330969267
0 0.0260047281 0.5685579196 0.0236406619 0.0449172577
0 0.0141843972 0.1973995272 0.0283687943 0.0354609929
0 0.0460992908 0.0981087470 0.0260047281 0.0307328605
0 0.0981087470 0.0070921986 0.0307328605 0.0141843972
