0 0.0787401575 0.4041994751 0.1049868766 0.1417322835
0 0.5249343832 0.3241469816 0.1102362205 0.1128608924
0 0.4435695538 0.4146981627 0.0892388451 0.0734908136
0 0.3346456693 0.6036745407 0.1233595801 0.0944881890
0 0.2086614173 0.6102362205 0.0918635171 0.0813648294
0 0.2821522310 0.9685039370 0.1128608924 0.0629921260
0 0.5275590551 0.8976377953 0.1102362205 0.1364829396
0 0.6115485564 0.8228346457 0.1154855643 0.0813648294
0 0.4711286089 0.7545931759 0.1286089239 0.0918635171
0 0.3503937008 0.8241469816 0.1443569554 0.0734908136
0 0.5826771654 0.7270341207 0.0944881890 0.0682414698
0 0.6679790026 0.6706036745 0.1181102362 0.0918635171
0 0.7414698163 0.6207349081 0.1128608924 0.0761154856
0 0.7309711286 0.5498687664 0.0866141732 0.0761154856
0 0.8464566929 0.4960629921 0.1076115486 0.0944881890
0 0.7204724409 0.4343832021 0.1496062992 0.0656167979
0 0.6745406824 0.3753280840 0.1049868766 0.0839895013
0 0.5603674541 0.4055118110 0.1023622047 0.0813648294
0 0.5511811024 0.5144356955 0.0839895013 0.1154855643
0 0.6312335958 0.5236220472 0.0866141732 0.1128608924
0 0.9711286089 0.0393700787 0.0577427822 0.0787401575
