0 0.5400457666 0.2837528604 0.0320366133 0.0366132723
0 0.4347826087 0.2917620137 0.0320366133 0.0251716247
0 0.6292906178 0.3272311213 0.0228832952 0.0274599542
0 0.4645308924 0.4244851259 0.0274599542 0.0251716247
0 0.9233409611 0.2585812357 0.0251716247 0.0366132723
0 0.8993135011 0.3421052632 0.0228832952 0.0251716247
0 0.5892448513 0.1075514874 0.0343249428 0.0274599542
0 0.3237986270 0.0789473684 0.0343249428 0.0297482838
0 0.0194508009 0.4771167048 0.0297482838 0.0389016018
0 0.4016018307 0.4931350114 0.0205949657 0.0251716247
0 0.4256292906 0.4988558352 0.0183066362 0.0274599542
0 0.5217391304 0.5114416476 0.0183066362 0.0297482838
0 0.5389016018 0.5331807780 0.0160183066 0.0274599542
0 0.6544622426 0.7505720824 0.0320366133 0.0320366133
0 0.6510297483 0.6212814645 0.0251716247 0.0251716247
0 0.7540045767 0.8627002288 0.0251716247 0.0366132723
0 0.7848970252 0.8489702517 0.0274599542 0.0366132723
0 0.8592677346 0.8741418764 0.0343249428 0.0274599542
0 0.8958810069 0.9759725400 0.0389016018 0.0480549199
0 0.6281464531 0.9084668192 0.0297482838 0.0274599542
0 0.5045766590 0.8981693364 0.0297482838 0.0343249428
0 0.4462242563 0.8707093822 0.0228832952 0.0343249428
0 0.3935926773 0.8478260870 0.0274599542 0.0343249428
