0 0.3902439024 0.9934333959 0.0337711069 0.0131332083
0 0.7335834897 0.9146341463 0.0300187617 0.0318949343
0 0.7823639775 0.8808630394 0.0300187617 0.0318949343
0 0.6998123827 0.8405253283 0.0337711069 0.0262664165
0 0.6857410882 0.8086303940 0.0318949343 0.0300187617
0 0.4756097561 0.8123827392 0.0281425891 0.0300187617
0 0.4277673546 0.8001876173 0.0337711069 0.0318949343
0 0.8545966229 0.8208255159 0.0281425891 0.0281425891
0 0.8864915572 0.8151969981 0.0281425891 0.0243902439
0 0.9596622889 0.8864915572 0.0281425891 0.0281425891
0 0.0121951220 0.6923076923 0.0243902439 0.0450281426
0 0.0628517824 0.9943714822 0.0506566604 0.0112570356
0 0.5469043152 0.6819887430 0.0281425891 0.0506566604
0 0.6163227017 0.6210131332 0.0544090056 0.0487804878
0 0.6651031895 0.6772983114 0.0318949343 0.0225140713
0 0.6378986867 0.7045028143 0.0300187617 0.0281425891
0 0.6303939962 0.7636022514 0.0337711069 0.0375234522
0 0.7457786116 0.7448405253 0.0694183865 0.0600375235
0 0.8536585366 0.7654784240 0.0375234522 0.0300187617
0 0.7138836773 0.6454033771 0.0243902439 0.0375234522
0 0.6519699812 0.5684803002 0.0393996248 0.0562851782
0 0.5422138837 0.4812382739 0.0337711069 0.0318949343
0 0.5712945591 0.5196998124 0.0318949343 0.0375234522
0 0.6097560976 0.4737335835 0.0375234522 0.0393996248
0 0.6491557223 0.4362101313 0.0300187617 0.0318949343
0 0.7232645403 0.5046904315 0.0281425891 0.0337711069
0 0.8236397749 0.5018761726 0.0337711069 0.0206378987
0 0.8986866792 0.5046904315 0.0300187617 0.0337711069
0 0.7795497186 0.4315196998 0.0243902439 0.0300187617
0 0.4737335835 0.5318949343 0.0431519700 0.0431519700
0 0.4005628518 0.5816135084 0.0318949343 0.0337711069
0 0.3030018762 0.5000000000 0.0431519700 0.0281425891
0 0.4165103189 0.3236397749 0.0525328330 0.0469043152
0 0.4512195122 0.3714821764 0.0281425891 0.0225140713
0 0.9493433396 0.5909943715 0.0375234522 0.0375234522
0 0.9146341463 0.5469043152 0.0356472795 0.0281425891
0 0.3949343340 0.1960600375 0.0393996248 0.0619136961
0 0.3630393996 0.2270168856 0.0393996248 0.0487804878
0 0.6350844278 0.2063789869 0.0393996248 0.0375234522
0 0.6772983114 0.1557223265 0.0337711069 0.0300187617
0 0.7148217636 0.1744840525 0.0300187617 0.0337711069
0 0.7354596623 0.0281425891 0.0375234522 0.0300187617
0 0.8020637899 0.0196998124 0.0281425891 0.0318949343
0 0.9409005629 0.0065666041 0.0318949343 0.0131332083
0 0.9333958724 0.1941838649 0.0206378987 0.0281425891
0 0.8724202627 0.2983114447 0.0262664165 0.0225140713
0 0.8949343340 0.2814258912 0.0187617261 0.0262664165
0 0.1566604128 0.6275797373 0.0243902439 0.0281425891
0 0.2195121951 0.5018761726 0.0187617261 0.0356472795
0 0.0703564728 0.7542213884 0.0356472795 0.0337711069
0 0.1050656660 0.7917448405 0.0487804878 0.0525328330
0 0.1435272045 0.0065666041 0.0356472795 0.0131332083
0 0.1482176360 0.0637898687 0.0262664165 0.0337711069
0 0.2101313321 0.2073170732 0.0225140713 0.0281425891
0 0.2354596623 0.1285178236 0.0206378987 0.0243902439
0 0.2767354597 0.0469043152 0.0243902439 0.0300187617
