0 0.3708677686 0.8997933884 0.0392561983 0.0475206612
0 0.1735537190 0.8016528926 0.0330578512 0.0371900826
0 0.3904958678 0.7076446281 0.0330578512 0.0268595041
0 0.4421487603 0.8873966942 0.0330578512 0.0433884298
0 0.5206611570 0.9049586777 0.0330578512 0.0454545455
0 0.5547520661 0.9783057851 0.0309917355 0.0433884298
0 0.6404958678 0.9638429752 0.0289256198 0.0268595041
0 0.7747933884 0.9938016529 0.0454545455 0.0123966942
0 0.8450413223 0.9690082645 0.0206611570 0.0289256198
0 0.0764462810 0.9090909091 0.0413223140 0.0454545455
0 0.1219008264 0.8264462810 0.0371900826 0.0413223140
0 0.0289256198 0.7221074380 0.0330578512 0.0351239669
0 0.1219008264 0.9814049587 0.0371900826 0.0371900826
0 0.2293388430 0.6229338843 0.0454545455 0.0557851240
0 0.3202479339 0.5299586777 0.0371900826 0.0433884298
0 0.4070247934 0.5578512397 0.0371900826 0.0371900826
0 0.4080578512 0.6415289256 0.0309917355 0.0351239669
0 0.6983471074 0.4287190083 0.0330578512 0.0351239669
0 0.7520661157 0.3915289256 0.0330578512 0.0351239669
0 0.6611570248 0.3471074380 0.0371900826 0.0289256198
0 0.6456611570 0.3119834711 0.0351239669 0.0330578512
0 0.4142561983 0.3161157025 0.0309917355 0.0330578512
0 0.3615702479 0.3026859504 0.0371900826 0.0351239669
0 0.8316115702 0.3254132231 0.0309917355 0.0309917355
0 0.8667355372 0.3192148760 0.0309917355 0.0268595041
0 0.9473140496 0.3977272727 0.0309917355 0.0309917355
0 0.9039256198 0.5754132231 0.0351239669 0.0268595041
0 0.4927685950 0.1725206612 0.0309917355 0.0557851240
0 0.5692148760 0.1053719008 0.0599173554 0.0537190083
0 0.6229338843 0.1673553719 0.0351239669 0.0247933884
0 0.5929752066 0.1973140496 0.0330578512 0.0309917355
0 0.5847107438 0.2623966942 0.0371900826 0.0413223140
0 0.7117768595 0.2417355372 0.0764462810 0.0661157025
0 0.8305785124 0.2644628099 0.0413223140 0.0330578512
0 0.6766528926 0.1322314050 0.0268595041 0.0413223140
0 0.6084710744 0.0475206612 0.0433884298 0.0619834711
0 0.5196280992 0.0072314050 0.0351239669 0.0144628099
0 0.4121900826 0.0154958678 0.0475206612 0.0309917355
0 0.3316115702 0.0619834711 0.0351239669 0.0371900826
0 0.9359504132 0.0723140496 0.0413223140 0.0413223140
0 0.8977272727 0.0237603306 0.0392561983 0.0309917355
0 0.0630165289 0.1126033058 0.0268595041 0.0309917355
0 0.0165289256 0.2933884298 0.0330578512 0.0578512397
