0 0.1190476190 0.3171768707 0.0272108844 0.0391156463
0 0.1335034014 0.4005102041 0.0221088435 0.0289115646
0 0.2959183673 0.5297619048 0.0340136054 0.0323129252
0 0.3545918367 0.5612244898 0.0187074830 0.0306122449
0 0.3767006803 0.5195578231 0.0221088435 0.0221088435
0 0.1785714286 0.6921768707 0.0238095238 0.0272108844
0 0.4056122449 0.7040816327 0.0255102041 0.0306122449
0 0.2108843537 0.7253401361 0.0238095238 0.0221088435
0 0.9863945578 0.8860544218 0.0204081633 0.0374149660
0 0.9073129252 0.9608843537 0.0289115646 0.0272108844
0 0.9727891156 0.9872448980 0.0340136054 0.0255102041
0 0.8375850340 0.7074829932 0.0221088435 0.0238095238
0 0.8324829932 0.1488095238 0.0255102041 0.0255102041
0 0.3818027211 0.5467687075 0.0255102041 0.0255102041
0 0.3818027211 0.5467687075 0.0255102041 0.0255102041
