0 0.9605263158 0.0076754386 0.0263157895 0.0153508772
0 0.4210526316 0.0625000000 0.0350877193 0.0372807018
0 0.5131578947 0.0734649123 0.0307017544 0.0328947368
0 0.6217105263 0.0767543860 0.0416666667 0.0482456140
0 0.7434210526 0.0646929825 0.0350877193 0.0416666667
0 0.8037280702 0.0285087719 0.0679824561 0.0570175439
0 0.9122807018 0.0657894737 0.0438596491 0.0570175439
0 0.8333333333 0.0921052632 0.0482456140 0.0350877193
0 0.9879385965 0.0219298246 0.0241228070 0.0394736842
0 0.2664473684 0.1250000000 0.0372807018 0.0307017544
0 0.4703947368 0.0986842105 0.0372807018 0.0482456140
0 0.4210526316 0.1129385965 0.0350877193 0.0416666667
0 0.5438596491 0.1184210526 0.1008771930 0.0438596491
0 0.7565789474 0.1260964912 0.0307017544 0.0460526316
0 0.8125000000 0.1403508772 0.0416666667 0.0263157895
0 0.8848684211 0.1611842105 0.0460526316 0.0285087719
0 0.9934210526 0.1052631579 0.0131578947 0.0570175439
0 0.9802631579 0.1480263158 0.0394736842 0.0460526316
0 0.0383771930 0.2072368421 0.0372807018 0.0328947368
0 0.3421052632 0.2006578947 0.0350877193 0.0372807018
0 0.4769736842 0.1929824561 0.0328947368 0.0263157895
0 0.5953947368 0.1896929825 0.0328947368 0.0328947368
0 0.6337719298 0.1907894737 0.0394736842 0.0350877193
0 0.7182017544 0.2510964912 0.0372807018 0.0504385965
0 0.6864035088 0.1885964912 0.0350877193 0.0394736842
0 0.8201754386 0.2357456140 0.0482456140 0.0504385965
0 0.8771929825 0.1973684211 0.0482456140 0.0438596491
0 0.9802631579 0.2346491228 0.0394736842 0.0394736842
0 0.1644736842 0.2576754386 0.0482456140 0.0416666667
0 0.1907894737 0.3234649123 0.0394736842 0.0372807018
0 0.0789473684 0.2916666667 0.0570175439 0.0350877193
0 0.4506578947 0.2719298246 0.0416666667 0.0307017544
0 0.9155701754 0.2730263158 0.0723684211 0.0767543860
0 0.9736842105 0.2971491228 0.0526315789 0.0679824561
0 0.0592105263 0.3640350877 0.0350877193 0.0438596491
0 0.7653508772 0.3563596491 0.0307017544 0.0328947368
0 0.6907894737 0.3706140351 0.0526315789 0.0482456140
0 0.9254385965 0.3519736842 0.0219298246 0.0416666667
0 0.8826754386 0.3881578947 0.0285087719 0.0350877193
0 0.9725877193 0.3596491228 0.0504385965 0.0614035088
0 0.1513157895 0.4813596491 0.0482456140 0.0241228070
0 0.0997807018 0.4846491228 0.0460526316 0.0657894737
0 0.3015350877 0.4331140351 0.0285087719 0.0285087719
0 0.2916666667 0.4791666667 0.0394736842 0.0285087719
0 0.6129385965 0.4780701754 0.0285087719 0.0307017544
0 0.7807017544 0.4221491228 0.0350877193 0.0372807018
0 0.6809210526 0.4473684211 0.0592105263 0.0482456140
0 0.7247807018 0.4133771930 0.0285087719 0.0460526316
0 0.9111842105 0.4353070175 0.0285087719 0.0460526316
0 0.9912280702 0.4298245614 0.0175438596 0.0350877193
0 0.0449561404 0.5482456140 0.0372807018 0.0263157895
0 0.1995614035 0.5087719298 0.0307017544 0.0175438596
0 0.1710526316 0.5416666667 0.0263157895 0.0350877193
0 0.0888157895 0.5515350877 0.0372807018 0.0328947368
0 0.1337719298 0.5427631579 0.0438596491 0.0460526316
0 0.3179824561 0.5328947368 0.0482456140 0.0614035088
0 0.3804824561 0.4967105263 0.0504385965 0.0460526316
0 0.5142543860 0.5175438596 0.0372807018 0.0263157895
0 0.7543859649 0.5208333333 0.0570175439 0.0635964912
0 0.6929824561 0.5065789474 0.0350877193 0.0263157895
0 0.0690789474 0.6096491228 0.0460526316 0.0570175439
0 0.1513157895 0.6173245614 0.0350877193 0.0372807018
0 0.3421052632 0.5932017544 0.0394736842 0.0372807018
0 0.4857456140 0.6425438596 0.0328947368 0.0350877193
0 0.5383771930 0.6019736842 0.0460526316 0.0372807018
0 0.6381578947 0.5833333333 0.0482456140 0.0657894737
0 0.6491228070 0.6392543860 0.0350877193 0.0372807018
0 0.7752192982 0.6260964912 0.0285087719 0.0328947368
0 0.8333333333 0.6315789474 0.0482456140 0.0570175439
0 0.0712719298 0.6798245614 0.0504385965 0.0438596491
0 0.2927631579 0.6973684211 0.0241228070 0.0482456140
0 0.4342105263 0.7072368421 0.0307017544 0.0460526316
0 0.5942982456 0.7094298246 0.0350877193 0.0372807018
0 0.7094298246 0.6557017544 0.0548245614 0.0526315789
0 0.7346491228 0.7094298246 0.0745614035 0.0679824561
0 0.8530701754 0.6831140351 0.0438596491 0.0460526316
0 0.4989035088 0.7467105263 0.0592105263 0.0416666667
0 0.6403508772 0.7478070175 0.0307017544 0.0307017544
0 0.7521929825 0.7510964912 0.0307017544 0.0460526316
0 0.7730263158 0.7949561404 0.0416666667 0.0460526316
0 0.8486842105 0.7423245614 0.0438596491 0.0372807018
0 0.9901315789 0.7565789474 0.0197368421 0.0701754386
0 0.9506578947 0.7653508772 0.0416666667 0.0307017544
0 0.0427631579 0.8179824561 0.0328947368 0.0350877193
0 0.1973684211 0.8201754386 0.0307017544 0.0394736842
0 0.2467105263 0.8629385965 0.0504385965 0.0372807018
0 0.4166666667 0.8530701754 0.0482456140 0.0307017544
0 0.3815789474 0.8092105263 0.0526315789 0.0350877193
0 0.5032894737 0.8607456140 0.0548245614 0.0635964912
0 0.6469298246 0.8541666667 0.0570175439 0.0504385965
0 0.9616228070 0.8256578947 0.0416666667 0.0416666667
0 0.4813596491 0.9111842105 0.0504385965 0.0460526316
0 0.5822368421 0.9396929825 0.0504385965 0.0372807018
0 0.5350877193 0.9024122807 0.0438596491 0.0504385965
0 0.6973684211 0.8947368421 0.0701754386 0.0350877193
0 0.6885964912 0.9484649123 0.0701754386 0.0460526316
0 0.8552631579 0.9221491228 0.0701754386 0.0504385965
0 0.4934210526 0.9780701754 0.0570175439 0.0350877193
0 0.8706140351 0.4758771930 0.0350877193 0.0394736842
0 0.8432017544 0.4309210526 0.0241228070 0.0328947368
0 0.3662280702 0.1524122807 0.0350877193 0.0285087719
0 0.4769736842 0.2335526316 0.0285087719 0.0285087719
0 0.5120614035 0.2587719298 0.0285087719 0.0263157895
0 0.3355263158 0.9945175439 0.0438596491 0.0109649123
0 0.2938596491 0.9758771930 0.0394736842 0.0307017544
0 0.4506578947 0.9945175439 0.0328947368 0.0109649123
0 0.2160087719 0.5460526316 0.0548245614 0.0307017544
0 0.2324561404 0.5690789474 0.0394736842 0.0285087719
0 0.2006578947 0.5745614035 0.0328947368 0.0263157895
0 0.0120614035 0.5021929825 0.0241228070 0.0307017544
0 0.0646929825 0.4353070175 0.0241228070 0.0241228070
0 0.3453947368 0.3958333333 0.0328947368 0.0328947368
0 0.4342105263 0.4484649123 0.0526315789 0.0460526316
0 0.4396929825 0.4857456140 0.0241228070 0.0460526316
0 0.3837719298 0.4440789474 0.0438596491 0.0328947368
0 0.4978070175 0.3464912281 0.0482456140 0.0307017544
0 0.5307017544 0.3870614035 0.0263157895 0.0241228070
0 0.4671052632 0.3870614035 0.0438596491 0.0592105263
0 0.4265350877 0.4002192982 0.0285087719 0.0241228070
0 0.3936403509 0.3596491228 0.0416666667 0.0350877193
0 0.1239035088 0.9243421053 0.0328947368 0.0328947368
0 0.1239035088 0.9243421053 0.0328947368 0.0328947368
