0 0.5342820181 0.3997412678 0.1009055627 0.1604139715
0 0.2943078913 0.1604139715 0.1099611902 0.1578266494
0 0.1739974127 0.1662354463 0.1125485123 0.1254851229
0 0.5614489004 0.0394566624 0.1009055627 0.0789133247
0 0.7095730918 0.0362225097 0.1203104787 0.0724450194
0 0.8499353169 0.0232858991 0.0957309185 0.0465717982
0 0.4618369987 0.6487710220 0.1474773609 0.1927554981
0 0.2179818887 0.6507115136 0.1228978008 0.1267787840
0 0.4857697283 0.9592496766 0.1280724450 0.0815006468
0 0.6597671410 0.9941785252 0.0983182406 0.0116429495
