0 0.7715582451 0.0393343419 0.0453857791 0.0363086233
0 0.0431164902 0.1724659607 0.0317700454 0.0453857791
0 0.3199697428 0.2798789713 0.0287443268 0.0302571861
0 0.7307110439 0.2579425113 0.0453857791 0.0347957640
0 0.9508320726 0.2708018154 0.0317700454 0.0332829047
0 0.9901664145 0.2518910741 0.0196671710 0.0257186082
0 0.8472012103 0.3373676248 0.0242057489 0.0211800303
0 0.9546142209 0.3252647504 0.0242057489 0.0211800303
0 0.8767019667 0.3691376702 0.0257186082 0.0302571861
0 0.9576399395 0.3502269289 0.0272314675 0.0257186082
0 0.9750378215 0.3502269289 0.0136157337 0.0317700454
0 0.9803328290 0.2813918306 0.0363086233 0.0242057489
0 0.8842662632 0.3146747352 0.0196671710 0.0211800303
0 0.8668683812 0.3237518911 0.0272314675 0.0181543116
0 0.8933434191 0.3434190620 0.0347957640 0.0242057489
0 0.9863842663 0.3146747352 0.0272314675 0.0242057489
0 0.1391830560 0.4326777610 0.0423600605 0.0423600605
0 0.4228441755 0.4553706505 0.0347957640 0.0423600605
0 0.7208774584 0.4455370651 0.0226928896 0.0257186082
0 0.8472012103 0.4258698941 0.0302571861 0.0257186082
0 0.8434190620 0.3978819970 0.0287443268 0.0151285930
0 0.7541603631 0.4493192133 0.0196671710 0.0272314675
0 0.7428139183 0.4319213313 0.0211800303 0.0287443268
0 0.7859304085 0.4016641452 0.0317700454 0.0196671710
0 0.8222390318 0.4288956127 0.0257186082 0.0196671710
0 0.7806354009 0.4379727685 0.0302571861 0.0317700454
0 0.8464447806 0.4599092284 0.0347957640 0.0181543116
0 0.9251134644 0.3933434191 0.0257186082 0.0423600605
0 0.8880484115 0.4409984871 0.0332829047 0.0166414523
0 0.9765506808 0.4039334342 0.0317700454 0.0121028744
0 0.9667170953 0.3819969743 0.0211800303 0.0287443268
0 0.9334341906 0.4425113464 0.0272314675 0.0226928896
0 0.9122541604 0.4478063540 0.0242057489 0.0242057489
0 0.8706505295 0.3956127080 0.0317700454 0.0196671710
0 0.8933434191 0.3910741301 0.0287443268 0.0196671710
0 0.9727685325 0.4288956127 0.0151285930 0.0317700454
0 0.9531013616 0.4266263238 0.0242057489 0.0302571861
0 0.9092284418 0.3744326778 0.0151285930 0.0317700454
0 0.9848714070 0.4599092284 0.0272314675 0.0151285930
0 0.9878971256 0.4304084720 0.0211800303 0.0226928896
0 0.4652042360 0.5189107413 0.1013615734 0.0332829047
0 0.7201210287 0.4765506808 0.0332829047 0.0181543116
0 0.7095310136 0.5113464448 0.0363086233 0.0211800303
0 0.6974281392 0.4788199697 0.0151285930 0.0317700454
0 0.7322239032 0.4636913767 0.0272314675 0.0196671710
0 0.7624810893 0.4712556732 0.0272314675 0.0257186082
0 0.7639939486 0.5007564297 0.0332829047 0.0211800303
0 0.7481089259 0.5279878971 0.0257186082 0.0363086233
0 0.8192133132 0.5431164902 0.0196671710 0.0302571861
0 0.8343419062 0.4727685325 0.0196671710 0.0287443268
0 0.8350983359 0.5355521936 0.0272314675 0.0181543116
0 0.8010590015 0.4674735250 0.0287443268 0.0302571861
0 0.8071104387 0.5015128593 0.0287443268 0.0287443268
0 0.8290468986 0.5000000000 0.0151285930 0.0317700454
0 0.9062027231 0.4750378215 0.0151285930 0.0272314675
0 0.8729198185 0.5022692890 0.0242057489 0.0332829047
0 0.9682299546 0.5000000000 0.0332829047 0.0136157337
0 0.9546142209 0.4833585477 0.0272314675 0.0196671710
0 0.9364599092 0.4924357035 0.0151285930 0.0257186082
0 0.8661119516 0.5264750378 0.0317700454 0.0211800303
0 0.9621785174 0.4659606657 0.0332829047 0.0302571861
0 0.9236006051 0.5128593041 0.0317700454 0.0151285930
0 0.8744326778 0.5484114977 0.0332829047 0.0136157337
0 0.8842662632 0.4621785174 0.0287443268 0.0257186082
0 0.9372163389 0.5393343419 0.0317700454 0.0166414523
0 0.9924357035 0.5484114977 0.0151285930 0.0287443268
0 0.5211800303 0.5718608169 0.0257186082 0.0332829047
0 0.7223903177 0.6036308623 0.0287443268 0.0272314675
0 0.7125567322 0.5824508321 0.0242057489 0.0181543116
0 0.6527987897 0.5567322239 0.0257186082 0.0302571861
0 0.7118003026 0.5605143722 0.0287443268 0.0196671710
0 0.7405446293 0.5824508321 0.0287443268 0.0211800303
0 0.6981845688 0.5907715582 0.0287443268 0.0287443268
0 0.8585476551 0.5605143722 0.0378214826 0.0257186082
0 0.7829046899 0.6316187595 0.0196671710 0.0317700454
0 0.7700453858 0.6270801815 0.0242057489 0.0226928896
0 0.8403933434 0.5930408472 0.0196671710 0.0302571861
0 0.8207261725 0.6074130106 0.0287443268 0.0226928896
0 0.8116490166 0.6316187595 0.0257186082 0.0257186082
0 0.7995461422 0.5854765507 0.0196671710 0.0302571861
0 0.9228441755 0.6028744327 0.0302571861 0.0136157337
0 0.9644478064 0.5907715582 0.0166414523 0.0317700454
0 0.9092284418 0.5915279879 0.0272314675 0.0181543116
0 0.9568835098 0.6149773071 0.0317700454 0.0166414523
0 0.9220877458 0.5779122542 0.0317700454 0.0151285930
0 0.9228441755 0.6195158850 0.0332829047 0.0196671710
0 0.9001512859 0.5650529501 0.0332829047 0.0287443268
0 0.9757942511 0.5544629349 0.0211800303 0.0257186082
0 0.8638426626 0.5862329803 0.0181543116 0.0317700454
0 0.9886535552 0.5801815431 0.0226928896 0.0287443268
0 0.7639939486 0.6777609682 0.0242057489 0.0272314675
0 0.8040847201 0.7254160363 0.0196671710 0.0287443268
0 0.7927382753 0.7042360061 0.0181543116 0.0287443268
0 0.7874432678 0.6641452345 0.0317700454 0.0242057489
0 0.7677760968 0.7057488654 0.0287443268 0.0257186082
0 0.7556732224 0.7307110439 0.0257186082 0.0151285930
0 0.8313161876 0.6618759455 0.0196671710 0.0347957640
0 0.8623298033 0.6717095310 0.0332829047 0.0242057489
0 0.7965204236 0.6830559758 0.0378214826 0.0257186082
0 0.7450832073 0.7148260212 0.0257186082 0.0196671710
0 0.9515885023 0.7239031770 0.0272314675 0.0196671710
0 0.9606656581 0.6770045386 0.0272314675 0.0257186082
0 0.9810892587 0.6860816944 0.0226928896 0.0347957640
0 0.9077155825 0.7019667171 0.0272314675 0.0242057489
0 0.8895612708 0.7178517398 0.0151285930 0.0317700454
0 0.9069591528 0.7337367625 0.0287443268 0.0302571861
0 0.8978819970 0.6505295008 0.0226928896 0.0332829047
0 0.8691376702 0.7216338880 0.0226928896 0.0272314675
0 0.9326777610 0.6618759455 0.0257186082 0.0196671710
0 0.9183055976 0.6815431165 0.0302571861 0.0166414523
0 0.9848714070 0.7155824508 0.0272314675 0.0302571861
0 0.7753403933 0.7571860817 0.0468986384 0.0317700454
0 0.7897125567 0.8040847201 0.0272314675 0.0287443268
0 0.7496217852 0.8071104387 0.0287443268 0.0257186082
0 0.8517397882 0.7617246596 0.0302571861 0.0196671710
0 0.8184568835 0.8071104387 0.0242057489 0.0347957640
0 0.8880484115 0.7776096823 0.0211800303 0.0332829047
0 0.9629349470 0.8184568835 0.0166414523 0.0302571861
0 0.9001512859 0.8040847201 0.0211800303 0.0317700454
0 0.9432677761 0.8154311649 0.0226928896 0.0272314675
0 0.9780635401 0.7934947050 0.0257186082 0.0226928896
0 0.9583963691 0.7844175492 0.0226928896 0.0287443268
0 0.9341906203 0.7760968230 0.0378214826 0.0242057489
0 0.9765506808 0.7617246596 0.0287443268 0.0166414523
0 0.9485627837 0.7503782148 0.0272314675 0.0272314675
0 0.8668683812 0.7465960666 0.0242057489 0.0257186082
0 0.9863842663 0.8093797277 0.0272314675 0.0181543116
0 0.9863842663 0.7708018154 0.0272314675 0.0226928896
0 0.8093797277 0.8547655068 0.0272314675 0.0181543116
0 0.7972768533 0.8661119516 0.0272314675 0.0226928896
0 0.7859304085 0.8888048411 0.0317700454 0.0136157337
0 0.8040847201 0.8971255673 0.0317700454 0.0151285930
0 0.8343419062 0.8456883510 0.0287443268 0.0272314675
0 0.8593040847 0.8479576399 0.0272314675 0.0166414523
0 0.8585476551 0.8328290469 0.0287443268 0.0166414523
0 0.7844175492 0.8411497731 0.0257186082 0.0272314675
0 0.7715582451 0.8585476551 0.0302571861 0.0166414523
0 0.7435703480 0.8509833585 0.0287443268 0.0257186082
0 0.8350983359 0.8759455371 0.0302571861 0.0211800303
0 0.8509833585 0.9122541604 0.0196671710 0.0272314675
0 0.9001512859 0.9024205749 0.0272314675 0.0166414523
0 0.9077155825 0.8403933434 0.0302571861 0.0196671710
0 0.9092284418 0.8252647504 0.0363086233 0.0136157337
0 0.9016641452 0.8638426626 0.0302571861 0.0211800303
0 0.9281391831 0.8517397882 0.0196671710 0.0242057489
0 0.9447806354 0.8524962179 0.0226928896 0.0257186082
0 0.9697428139 0.8479576399 0.0302571861 0.0257186082
0 0.8827534039 0.8396369138 0.0226928896 0.0272314675
0 0.9243570348 0.9077155825 0.0211800303 0.0211800303
0 0.9667170953 0.8842662632 0.0242057489 0.0317700454
0 0.8744326778 0.9062027231 0.0242057489 0.0302571861
0 0.9357034796 0.8872919818 0.0196671710 0.0287443268
0 0.9114977307 0.8827534039 0.0287443268 0.0196671710
0 0.9039334342 0.8925869894 0.0257186082 0.0151285930
0 0.9001512859 0.9152798790 0.0363086233 0.0121028744
0 0.9243570348 0.8653555219 0.0332829047 0.0121028744
0 0.9863842663 0.8865355522 0.0181543116 0.0272314675
0 0.9901664145 0.9001512859 0.0196671710 0.0211800303
0 0.9780635401 0.9561270802 0.0347957640 0.0181543116
0 0.9130105900 0.9417549168 0.0196671710 0.0287443268
0 0.8963691377 0.9357034796 0.0226928896 0.0257186082
0 0.9440242057 0.9795763994 0.0181543116 0.0287443268
0 0.9841149773 0.9856278366 0.0317700454 0.0166414523
0 0.9757942511 0.9296520424 0.0332829047 0.0196671710
0 0.9455370651 0.9379727685 0.0181543116 0.0363086233
0 0.9871406959 0.9160363086 0.0257186082 0.0166414523
0 0.9841149773 0.9720121029 0.0287443268 0.0166414523
