0 0.2288659794 0.9257731959 0.0329896907 0.0371134021
0 0.4453608247 0.8319587629 0.0329896907 0.0268041237
0 0.1773195876 0.9505154639 0.0371134021 0.0412371134
0 0.0845360825 0.8463917526 0.0329896907 0.0350515464
0 0.0072164948 0.8422680412 0.0144329897 0.0309278351
0 0.2845360825 0.7474226804 0.0453608247 0.0556701031
0 0.3752577320 0.6546391753 0.0371134021 0.0432989691
0 0.4618556701 0.6824742268 0.0371134021 0.0371134021
0 0.4628865979 0.7659793814 0.0309278351 0.0350515464
0 0.7525773196 0.5536082474 0.0329896907 0.0350515464
0 0.8061855670 0.5164948454 0.0329896907 0.0350515464
0 0.7154639175 0.4721649485 0.0371134021 0.0288659794
0 0.7000000000 0.4371134021 0.0350515464 0.0329896907
0 0.4690721649 0.4412371134 0.0309278351 0.0329896907
0 0.4164948454 0.4278350515 0.0371134021 0.0350515464
0 0.8855670103 0.4505154639 0.0309278351 0.0309278351
0 0.9206185567 0.4443298969 0.0309278351 0.0268041237
0 0.9927835052 0.5226804124 0.0144329897 0.0309278351
0 0.9577319588 0.7000000000 0.0350515464 0.0268041237
0 0.0216494845 0.6567010309 0.0432989691 0.0432989691
0 0.5474226804 0.2979381443 0.0309278351 0.0556701031
0 0.6237113402 0.2309278351 0.0597938144 0.0536082474
0 0.6773195876 0.2927835052 0.0350515464 0.0247422680
0 0.6474226804 0.3226804124 0.0329896907 0.0309278351
0 0.6391752577 0.3876288660 0.0371134021 0.0412371134
0 0.7659793814 0.3670103093 0.0762886598 0.0659793814
0 0.8845360825 0.3896907216 0.0412371134 0.0329896907
0 0.7309278351 0.2577319588 0.0268041237 0.0412371134
0 0.6628865979 0.1731958763 0.0432989691 0.0618556701
0 0.5422680412 0.0773195876 0.0371134021 0.0350515464
0 0.5742268041 0.1195876289 0.0350515464 0.0412371134
0 0.6164948454 0.0690721649 0.0412371134 0.0432989691
0 0.6597938144 0.0278350515 0.0329896907 0.0350515464
0 0.7412371134 0.1030927835 0.0309278351 0.0371134021
0 0.8515463918 0.1000000000 0.0371134021 0.0226804124
0 0.9340206186 0.1030927835 0.0329896907 0.0371134021
0 0.8030927835 0.0226804124 0.0268041237 0.0329896907
0 0.4670103093 0.1329896907 0.0474226804 0.0474226804
0 0.3865979381 0.1876288660 0.0350515464 0.0371134021
0 0.2793814433 0.0979381443 0.0474226804 0.0309278351
0 0.9845360825 0.1979381443 0.0309278351 0.0412371134
0 0.9515463918 0.1494845361 0.0391752577 0.0309278351
0 0.1185567010 0.2381443299 0.0268041237 0.0309278351
0 0.1876288660 0.1000000000 0.0206185567 0.0391752577
0 0.0237113402 0.3773195876 0.0391752577 0.0371134021
0 0.0618556701 0.4185567010 0.0536082474 0.0577319588
0 0.0618556701 0.4185567010 0.0536082474 0.0577319588
