0 0.7425986842 0.4802631579 0.1595394737 0.0723684211
0 0.7549342105 0.2870065789 0.1019736842 0.1529605263
0 0.8667763158 0.1768092105 0.1348684211 0.1134868421
0 0.6644736842 0.0296052632 0.1052631579 0.0592105263
0 0.5666118421 0.2039473684 0.0937500000 0.1282894737
0 0.4843750000 0.2787828947 0.0674342105 0.1101973684
0 0.3462171053 0.3026315789 0.1069078947 0.1348684211
0 0.2861842105 0.1529605263 0.0592105263 0.1282894737
0 0.1891447368 0.0583881579 0.1217105263 0.0904605263
0 0.0608552632 0.0600328947 0.1217105263 0.1200657895
0 0.0625000000 0.8256578947 0.1250000000 0.1348684211
0 0.2500000000 0.9671052632 0.1381578947 0.0657894737
0 0.0345394737 0.9835526316 0.0690789474 0.0328947368
0 0.9251644737 0.5773026316 0.1496710526 0.0921052632
0 0.9473684211 0.7870065789 0.1052631579 0.1101973684
0 0.9375000000 0.4687500000 0.1250000000 0.0657894737
0 0.9679276316 0.3462171053 0.0641447368 0.1101973684
