0 0.1837686567 0.0102611940 0.0466417910 0.0205223881
0 0.3031716418 0.0177238806 0.0317164179 0.0317164179
0 0.6333955224 0.0167910448 0.0242537313 0.0298507463
0 0.5867537313 0.0233208955 0.0466417910 0.0391791045
0 0.6893656716 0.0186567164 0.0652985075 0.0373134328
0 0.8143656716 0.0261194030 0.0764925373 0.0522388060
0 0.9263059701 0.0261194030 0.0242537313 0.0298507463
0 0.9850746269 0.0242537313 0.0298507463 0.0298507463
0 0.2229477612 0.0410447761 0.0279850746 0.0298507463
0 0.1763059701 0.0466417910 0.0354477612 0.0261194030
0 0.4169776119 0.0373134328 0.0615671642 0.0634328358
0 0.3516791045 0.0494402985 0.0317164179 0.0279850746
0 0.3097014925 0.0578358209 0.0261194030 0.0261194030
0 0.5578358209 0.0802238806 0.0223880597 0.0298507463
0 0.6688432836 0.0802238806 0.0802238806 0.0410447761
0 0.7695895522 0.0513059701 0.0242537313 0.0279850746
0 0.8703358209 0.0736940299 0.0317164179 0.0354477612
0 0.9393656716 0.0718283582 0.0242537313 0.0391791045
0 0.0988805970 0.1352611940 0.0298507463 0.0317164179
0 0.1772388060 0.1445895522 0.0261194030 0.0279850746
0 0.2695895522 0.1473880597 0.0354477612 0.0410447761
0 0.3731343284 0.1371268657 0.0298507463 0.0354477612
0 0.4244402985 0.1026119403 0.0578358209 0.0559701493
0 0.5167910448 0.1380597015 0.0373134328 0.0485074627
0 0.4496268657 0.1604477612 0.0410447761 0.0298507463
0 0.6194029851 0.1110074627 0.0298507463 0.0391791045
0 0.6604477612 0.1277985075 0.0335820896 0.0503731343
0 0.5858208955 0.1007462687 0.0298507463 0.0335820896
0 0.6921641791 0.1296641791 0.0298507463 0.0317164179
0 0.7220149254 0.1399253731 0.0298507463 0.0261194030
0 0.8666044776 0.1277985075 0.0391791045 0.0317164179
0 0.1408582090 0.1660447761 0.0317164179 0.0410447761
0 0.0988805970 0.1781716418 0.0298507463 0.0354477612
0 0.2033582090 0.1828358209 0.0858208955 0.0373134328
0 0.3843283582 0.1893656716 0.0261194030 0.0391791045
0 0.4319029851 0.2014925373 0.0354477612 0.0223880597
0 0.4934701493 0.2192164179 0.0391791045 0.0242537313
0 0.6072761194 0.1716417910 0.0541044776 0.0485074627
0 0.5830223881 0.2080223881 0.0503731343 0.0391791045
0 0.7126865672 0.1968283582 0.0373134328 0.0317164179
0 0.0317164179 0.2527985075 0.0298507463 0.0317164179
0 0.1464552239 0.2462686567 0.0279850746 0.0223880597
0 0.2472014925 0.2434701493 0.0279850746 0.0279850746
0 0.2798507463 0.2444029851 0.0335820896 0.0298507463
0 0.3516791045 0.2957089552 0.0317164179 0.0429104478
0 0.3246268657 0.2425373134 0.0298507463 0.0335820896
0 0.4384328358 0.2826492537 0.0410447761 0.0429104478
0 0.4869402985 0.2500000000 0.0410447761 0.0373134328
0 0.5783582090 0.2817164179 0.0410447761 0.0335820896
0 0.6231343284 0.2882462687 0.0485074627 0.0578358209
0 0.7061567164 0.2509328358 0.0279850746 0.0205223881
0 0.7574626866 0.2350746269 0.0410447761 0.0335820896
0 0.7798507463 0.2686567164 0.0335820896 0.0335820896
0 0.8180970149 0.2527985075 0.0391791045 0.0615671642
0 0.9188432836 0.2294776119 0.0354477612 0.0559701493
0 0.1240671642 0.3134328358 0.0354477612 0.0261194030
0 0.5195895522 0.3143656716 0.0615671642 0.0652985075
0 0.6576492537 0.3628731343 0.0317164179 0.0317164179
0 0.5736940299 0.3348880597 0.0541044776 0.0578358209
0 0.7444029851 0.3264925373 0.0485074627 0.0634328358
0 0.6837686567 0.3171641791 0.0317164179 0.0410447761
0 0.8656716418 0.2975746269 0.0373134328 0.0317164179
0 0.3917910448 0.3852611940 0.0261194030 0.0279850746
0 0.3283582090 0.3973880597 0.0447761194 0.0410447761
0 0.5279850746 0.3815298507 0.0186567164 0.0354477612
0 0.4916044776 0.4123134328 0.0242537313 0.0298507463
0 0.5680970149 0.3880597015 0.0429104478 0.0522388060
0 0.6026119403 0.3992537313 0.0261194030 0.0522388060
0 0.7537313433 0.3833955224 0.0298507463 0.0317164179
0 0.7014925373 0.4085820896 0.0335820896 0.0373134328
0 0.9402985075 0.3908582090 0.0335820896 0.0354477612
0 0.2621268657 0.4888059701 0.0242537313 0.0261194030
0 0.4048507463 0.4412313433 0.0298507463 0.0317164179
0 0.3199626866 0.4626865672 0.0503731343 0.0410447761
0 0.3572761194 0.4337686567 0.0242537313 0.0391791045
0 0.5158582090 0.4524253731 0.0242537313 0.0391791045
0 0.6529850746 0.4514925373 0.0298507463 0.0373134328
0 0.5904850746 0.4477611940 0.0279850746 0.0298507463
0 0.6940298507 0.4654850746 0.0298507463 0.0391791045
0 0.7583955224 0.4673507463 0.0242537313 0.0354477612
0 0.9076492537 0.4673507463 0.0317164179 0.0279850746
0 0.0158582090 0.5354477612 0.0317164179 0.0522388060
0 0.0643656716 0.5046641791 0.0429104478 0.0391791045
0 0.1781716418 0.5223880597 0.0317164179 0.0223880597
0 0.3824626866 0.5251865672 0.0485074627 0.0541044776
0 0.3302238806 0.5130597015 0.0298507463 0.0223880597
0 0.6501865672 0.5317164179 0.0578358209 0.0335820896
0 0.7070895522 0.5149253731 0.0335820896 0.0410447761
0 0.8927238806 0.5279850746 0.0279850746 0.0410447761
0 0.0317164179 0.5867537313 0.0335820896 0.0317164179
0 0.1539179104 0.6287313433 0.0279850746 0.0298507463
0 0.1986940299 0.5942164179 0.0391791045 0.0317164179
0 0.2835820896 0.5783582090 0.0410447761 0.0559701493
0 0.2929104478 0.6259328358 0.0298507463 0.0317164179
0 0.4001865672 0.6147388060 0.0242537313 0.0279850746
0 0.4496268657 0.6194029851 0.0410447761 0.0485074627
0 0.6268656716 0.5867537313 0.0597014925 0.0429104478
0 0.7929104478 0.6091417910 0.0410447761 0.0578358209
0 0.8432835821 0.6147388060 0.0373134328 0.0354477612
0 0.1100746269 0.6837686567 0.0261194030 0.0391791045
0 0.2462686567 0.6856343284 0.0298507463 0.0317164179
0 0.3442164179 0.6399253731 0.0466417910 0.0447761194
0 0.3656716418 0.6856343284 0.0634328358 0.0578358209
0 0.4664179104 0.6632462687 0.0373134328 0.0391791045
0 0.7322761194 0.6371268657 0.0354477612 0.0317164179
0 0.7266791045 0.6716417910 0.0391791045 0.0261194030
0 0.6828358209 0.6604477612 0.0373134328 0.0671641791
0 0.8973880597 0.6781716418 0.0373134328 0.0429104478
0 0.1651119403 0.7173507463 0.0503731343 0.0354477612
0 0.2854477612 0.7182835821 0.0261194030 0.0261194030
0 0.3805970149 0.7210820896 0.0261194030 0.0391791045
0 0.3983208955 0.7583955224 0.0354477612 0.0391791045
0 0.4626865672 0.7136194030 0.0373134328 0.0317164179
0 0.5942164179 0.7257462687 0.0391791045 0.0597014925
0 0.5494402985 0.7332089552 0.0354477612 0.0261194030
0 0.0951492537 0.8078358209 0.0410447761 0.0261194030
0 0.0652985075 0.7705223881 0.0447761194 0.0298507463
0 0.1688432836 0.8143656716 0.0466417910 0.0541044776
0 0.2910447761 0.8087686567 0.0485074627 0.0429104478
0 0.5587686567 0.7845149254 0.0354477612 0.0354477612
0 0.1501865672 0.8572761194 0.0429104478 0.0391791045
0 0.2360074627 0.8815298507 0.0429104478 0.0317164179
0 0.1958955224 0.8498134328 0.0373134328 0.0429104478
0 0.3339552239 0.8432835821 0.0597014925 0.0298507463
0 0.3264925373 0.8889925373 0.0597014925 0.0391791045
0 0.4682835821 0.8666044776 0.0597014925 0.0429104478
0 0.1604477612 0.9141791045 0.0485074627 0.0298507463
0 0.2033582090 0.9580223881 0.0522388060 0.0354477612
0 0.4813432836 0.4869402985 0.0298507463 0.0335820896
0 0.4580223881 0.4486940299 0.0205223881 0.0279850746
0 0.5093283582 0.0550373134 0.0373134328 0.0354477612
0 0.0802238806 0.0625000000 0.0298507463 0.0242537313
0 0.0522388060 0.2117537313 0.0298507463 0.0242537313
0 0.1464552239 0.2807835821 0.0242537313 0.0242537313
0 0.1763059701 0.3022388060 0.0242537313 0.0223880597
0 0.0261194030 0.9365671642 0.0373134328 0.0261194030
0 0.0177238806 0.9626865672 0.0242537313 0.0223880597
0 0.0643656716 0.9878731343 0.0317164179 0.0167910448
0 0.1296641791 0.9664179104 0.0503731343 0.0261194030
0 0.1501865672 0.9402985075 0.0279850746 0.0223880597
0 0.1240671642 0.9365671642 0.0279850746 0.0261194030
0 0.0345149254 0.4188432836 0.0279850746 0.0279850746
0 0.1100746269 0.4636194030 0.0447761194 0.0391791045
0 0.1147388060 0.4953358209 0.0205223881 0.0391791045
0 0.0671641791 0.4598880597 0.0373134328 0.0279850746
0 0.1641791045 0.3768656716 0.0410447761 0.0261194030
0 0.1921641791 0.4113805970 0.0223880597 0.0205223881
0 0.1380597015 0.4113805970 0.0373134328 0.0503731343
0 0.1035447761 0.4225746269 0.0242537313 0.0205223881
0 0.0755597015 0.3880597015 0.0354477612 0.0298507463
0 0.8087686567 0.5149253731 0.0503731343 0.0559701493
0 0.7901119403 0.4804104478 0.0205223881 0.0242537313
0 0.8628731343 0.2453358209 0.0354477612 0.0317164179
0 0.8805970149 0.2070895522 0.0261194030 0.0373134328
0 0.8460820896 0.2117537313 0.0354477612 0.0317164179
0 0.8442164179 0.1688432836 0.0205223881 0.0242537313
0 0.8199626866 0.1595149254 0.0205223881 0.0242537313
0 0.8152985075 0.1026119403 0.0485074627 0.0634328358
0 0.8152985075 0.1026119403 0.0485074627 0.0634328358
