0 0.9099307159 0.9399538106 0.0646651270 0.0600461894
0 0.8960739030 0.7736720554 0.0554272517 0.0415704388
0 0.8545034642 0.8475750577 0.0461893764 0.0646651270
0 0.7863741339 0.8545034642 0.0993071594 0.0646651270
0 0.6836027714 0.7274826790 0.0415704388 0.0785219400
0 0.6766743649 0.8637413395 0.0600461894 0.0508083141
0 0.6270207852 0.9584295612 0.0762124711 0.0785219400
0 0.1939953811 0.9711316397 0.0600461894 0.0577367206
0 0.2632794457 0.9284064665 0.0646651270 0.0831408776
0 0.0565819861 0.6974595843 0.0531177829 0.0600461894
0 0.0115473441 0.2078521940 0.0230946882 0.0646651270
0 0.3556581986 0.1963048499 0.0323325635 0.0461893764
0 0.3475750577 0.3648960739 0.0669745958 0.0508083141
0 0.4053117783 0.4861431871 0.0531177829 0.0669745958
0 0.6327944573 0.5369515012 0.0461893764 0.0531177829
0 0.4203233256 0.6120092379 0.0969976905 0.0646651270
0 0.4295612009 0.7517321016 0.0646651270 0.0531177829
0 0.3787528868 0.7898383372 0.0646651270 0.0461893764
0 0.3764434180 0.8764434180 0.0600461894 0.0669745958
0 0.7644341801 0.5588914550 0.0508083141 0.0323325635
0 0.7528868360 0.5219399538 0.0646651270 0.0369515012
0 0.6593533487 0.4734411085 0.0577367206 0.0646651270
0 0.9168591224 0.5334872979 0.0508083141 0.0646651270
0 0.9884526559 0.5357967667 0.0230946882 0.0600461894
0 0.9896073903 0.4538106236 0.0207852194 0.0531177829
0 0.9295612009 0.4353348730 0.0715935335 0.0438799076
0 0.9618937644 0.3856812933 0.0577367206 0.0508083141
0 0.9272517321 0.3244803695 0.0484988453 0.0484988453
0 0.9849884527 0.6651270208 0.0300230947 0.0554272517
0 0.9480369515 0.6478060046 0.0484988453 0.0577367206
0 0.9376443418 0.6062355658 0.0646651270 0.0484988453
0 0.8903002309 0.5646651270 0.0531177829 0.0531177829
0 0.8799076212 0.6085450346 0.0415704388 0.0577367206
0 0.8660508083 0.6709006928 0.0508083141 0.0715935335
0 0.2759815242 0.4722863741 0.0623556582 0.0346420323
0 0.5923787529 0.3568129330 0.0808314088 0.0808314088
0 0.6039260970 0.2471131640 0.0623556582 0.0646651270
0 0.6408775982 0.1732101617 0.0531177829 0.0554272517
0 0.5715935335 0.1154734411 0.0762124711 0.0831408776
0 0.4861431871 0.0230946882 0.0531177829 0.0461893764
0 0.9711316397 0.0819861432 0.0484988453 0.0577367206
