0 0.5908221797 0.0363288719 0.0573613767 0.0458891013
0 0.0200764818 0.3403441683 0.0363288719 0.0382409178
0 0.5391969407 0.3126195029 0.0573613767 0.0439770554
0 0.8173996176 0.3288718929 0.0401529637 0.0420650096
0 0.9369024857 0.3212237094 0.0344168260 0.0229445507
0 0.9273422562 0.3040152964 0.0191204589 0.0305927342
0 0.9063097514 0.3269598470 0.0229445507 0.0305927342
0 0.8699808795 0.3049713193 0.0305927342 0.0325047801
0 0.8881453155 0.3307839388 0.0248565966 0.0305927342
0 0.6864244742 0.4130019120 0.0305927342 0.0267686424
0 0.8221797323 0.3977055449 0.0305927342 0.0267686424
0 0.7237093690 0.4531548757 0.0325047801 0.0382409178
0 0.8260038241 0.4292543021 0.0344168260 0.0325047801
0 0.8479923518 0.4292543021 0.0172084130 0.0401529637
0 0.8546845124 0.3422562141 0.0458891013 0.0305927342
0 0.7332695985 0.3843212237 0.0248565966 0.0267686424
0 0.7112810707 0.3957934990 0.0344168260 0.0229445507
0 0.7848948375 0.4043977055 0.0286806883 0.0210325048
0 0.7447418738 0.4206500956 0.0439770554 0.0305927342
0 0.9885277247 0.4273422562 0.0229445507 0.0286806883
0 0.8785850860 0.4244741874 0.0401529637 0.0267686424
0 0.9694072658 0.3824091778 0.0229445507 0.0344168260
0 0.8833652008 0.3986615679 0.0420650096 0.0286806883
0 0.8652007648 0.3843212237 0.0401529637 0.0305927342
0 0.9024856597 0.3632887189 0.0382409178 0.0267686424
0 0.9913957935 0.3738049713 0.0172084130 0.0401529637
0 0.9502868069 0.3460803059 0.0344168260 0.0420650096
0 0.9502868069 0.3948374761 0.0229445507 0.0286806883
0 0.9579349904 0.4225621415 0.0305927342 0.0267686424
0 0.9856596558 0.4101338432 0.0286806883 0.0286806883
0 0.9713193117 0.4464627151 0.0267686424 0.0286806883
0 0.9263862333 0.4072657744 0.0286806883 0.0420650096
0 0.9015296367 0.4455066922 0.0439770554 0.0191204589
0 0.9149139579 0.3441682600 0.0363288719 0.0229445507
0 0.9837476099 0.3479923518 0.0325047801 0.0229445507
0 0.1500956023 0.5621414914 0.0439770554 0.0535372849
0 0.5267686424 0.5497131931 0.0286806883 0.0325047801
0 0.6864244742 0.5248565966 0.0382409178 0.0325047801
0 0.6816443595 0.4894837476 0.0363288719 0.0191204589
0 0.5688336520 0.5544933078 0.0248565966 0.0344168260
0 0.5544933078 0.5325047801 0.0267686424 0.0363288719
0 0.6089866157 0.4942638623 0.0401529637 0.0248565966
0 0.6548757170 0.5286806883 0.0325047801 0.0248565966
0 0.6022944551 0.5401529637 0.0382409178 0.0401529637
0 0.6854684512 0.5678776291 0.0439770554 0.0229445507
0 0.7848948375 0.4837476099 0.0325047801 0.0535372849
0 0.7380497132 0.5439770554 0.0420650096 0.0210325048
0 0.8499043977 0.4971319312 0.0401529637 0.0152963671
0 0.8374760994 0.4694072658 0.0267686424 0.0363288719
0 0.7954110899 0.5458891013 0.0344168260 0.0286806883
0 0.7686424474 0.5525812620 0.0305927342 0.0305927342
0 0.7246653920 0.5258126195 0.0344168260 0.0152963671
0 0.7141491396 0.5564053537 0.0363288719 0.0152963671
0 0.7160611855 0.4866156788 0.0401529637 0.0248565966
0 0.7447418738 0.4808795411 0.0363288719 0.0248565966
0 0.8451242830 0.5286806883 0.0191204589 0.0401529637
0 0.8202676864 0.5258126195 0.0305927342 0.0382409178
0 0.7648183556 0.4598470363 0.0191204589 0.0401529637
0 0.9713193117 0.4933078394 0.0458891013 0.0344168260
0 0.8604206501 0.5678776291 0.0344168260 0.0191204589
0 0.9063097514 0.4789674952 0.0382409178 0.0286806883
0 0.8699808795 0.4799235182 0.0382409178 0.0191204589
0 0.8709369025 0.4579349904 0.0401529637 0.0172084130
0 0.9827915870 0.5487571702 0.0344168260 0.0344168260
0 0.9483747610 0.5286806883 0.0305927342 0.0325047801
0 0.9445506692 0.5478011472 0.0267686424 0.0286806883
0 0.9235181644 0.5296367113 0.0229445507 0.0267686424
0 0.8642447419 0.5305927342 0.0267686424 0.0286806883
0 0.8919694073 0.5286806883 0.0325047801 0.0210325048
0 0.9034416826 0.5439770554 0.0401529637 0.0172084130
0 0.9177820268 0.5640535373 0.0344168260 0.0229445507
0 0.8862332696 0.5630975143 0.0363288719 0.0325047801
0 0.9722753346 0.4665391969 0.0401529637 0.0191204589
0 0.2036328872 0.6424474187 0.1281070746 0.0420650096
0 0.5258126195 0.5889101338 0.0420650096 0.0229445507
0 0.5124282983 0.6328871893 0.0458891013 0.0267686424
0 0.4971319312 0.5917782027 0.0191204589 0.0401529637
0 0.5411089866 0.5726577438 0.0344168260 0.0248565966
0 0.5793499044 0.5822179732 0.0344168260 0.0325047801
0 0.5812619503 0.6195028681 0.0420650096 0.0267686424
0 0.5611854685 0.6539196941 0.0325047801 0.0458891013
0 0.6510516252 0.6730401530 0.0248565966 0.0382409178
0 0.6701720841 0.5841300191 0.0248565966 0.0363288719
0 0.6711281071 0.6634799235 0.0344168260 0.0229445507
0 0.6281070746 0.5774378585 0.0363288719 0.0382409178
0 0.6357552581 0.6204588910 0.0363288719 0.0363288719
0 0.6634799235 0.6185468451 0.0191204589 0.0401529637
0 0.6959847036 0.5936902486 0.0191204589 0.0286806883
0 0.7609942639 0.5869980880 0.0191204589 0.0344168260
0 0.7189292543 0.6214149140 0.0305927342 0.0420650096
0 0.8393881453 0.6185468451 0.0420650096 0.0172084130
0 0.8221797323 0.5975143403 0.0344168260 0.0248565966
0 0.7992351816 0.6089866157 0.0191204589 0.0325047801
0 0.7103250478 0.6520076482 0.0401529637 0.0267686424
0 0.8317399618 0.5755258126 0.0420650096 0.0382409178
0 0.7829827916 0.6347992352 0.0401529637 0.0191204589
0 0.7208413002 0.6797323136 0.0420650096 0.0172084130
0 0.7332695985 0.5707456979 0.0363288719 0.0325047801
0 0.8001912046 0.6682600382 0.0401529637 0.0210325048
0 0.9149139579 0.5965583174 0.0248565966 0.0420650096
0 0.9043977055 0.6854684512 0.0191204589 0.0363288719
0 0.9713193117 0.6797323136 0.0152963671 0.0439770554
0 0.8862332696 0.6453154876 0.0325047801 0.0363288719
0 0.9311663480 0.6596558317 0.0420650096 0.0267686424
0 0.9942638623 0.6128107075 0.0114722753 0.0363288719
0 0.9627151052 0.5879541109 0.0363288719 0.0325047801
0 0.9866156788 0.5764818356 0.0267686424 0.0286806883
0 0.8757170172 0.6797323136 0.0305927342 0.0363288719
0 0.9770554493 0.6309751434 0.0305927342 0.0305927342
0 0.2743785851 0.7093690249 0.0325047801 0.0420650096
0 0.5286806883 0.7495219885 0.0363288719 0.0344168260
0 0.5162523901 0.7227533461 0.0305927342 0.0229445507
0 0.4407265774 0.6902485660 0.0325047801 0.0382409178
0 0.5152963671 0.6950286807 0.0363288719 0.0248565966
0 0.5516252390 0.7227533461 0.0363288719 0.0267686424
0 0.4980879541 0.7332695985 0.0363288719 0.0363288719
0 0.7007648184 0.6950286807 0.0478011472 0.0325047801
0 0.6051625239 0.7848948375 0.0248565966 0.0401529637
0 0.5889101338 0.7791586998 0.0305927342 0.0286806883
0 0.6778202677 0.7361376673 0.0248565966 0.0382409178
0 0.6529636711 0.7543021033 0.0363288719 0.0286806883
0 0.6414913958 0.7848948375 0.0325047801 0.0325047801
0 0.6261950287 0.7265774379 0.0248565966 0.0382409178
0 0.7820267686 0.7485659656 0.0382409178 0.0172084130
0 0.8346080306 0.7332695985 0.0210325048 0.0401529637
0 0.7648183556 0.7342256214 0.0344168260 0.0229445507
0 0.8250478011 0.7638623327 0.0401529637 0.0210325048
0 0.7810707457 0.7170172084 0.0401529637 0.0191204589
0 0.7820267686 0.7695984704 0.0420650096 0.0248565966
0 0.7533460803 0.7007648184 0.0420650096 0.0363288719
0 0.8489483748 0.6873804971 0.0267686424 0.0325047801
0 0.7074569790 0.7275334608 0.0229445507 0.0401529637
0 0.8652007648 0.7198852772 0.0286806883 0.0363288719
0 0.9177820268 0.7084130019 0.0152963671 0.0401529637
0 0.9244741874 0.7954110899 0.0248565966 0.0305927342
0 0.9359464627 0.6912045889 0.0248565966 0.0401529637
0 0.9340344168 0.7418738050 0.0363288719 0.0267686424
0 0.8938814532 0.7198852772 0.0286806883 0.0286806883
0 0.8814531549 0.7523900574 0.0458891013 0.0210325048
0 0.9933078394 0.7476099426 0.0133843212 0.0267686424
0 0.9847036329 0.7208413002 0.0305927342 0.0229445507
0 0.9101338432 0.7466539197 0.0305927342 0.0325047801
0 0.5812619503 0.8432122371 0.0305927342 0.0344168260
0 0.6319311663 0.9034416826 0.0248565966 0.0363288719
0 0.6175908222 0.8766730402 0.0229445507 0.0363288719
0 0.6108986616 0.8260038241 0.0401529637 0.0305927342
0 0.5860420650 0.8785850860 0.0363288719 0.0325047801
0 0.5707456979 0.9101338432 0.0325047801 0.0191204589
0 0.6663479924 0.8231357553 0.0248565966 0.0439770554
0 0.7055449331 0.8355640535 0.0420650096 0.0305927342
0 0.6223709369 0.8499043977 0.0478011472 0.0325047801
0 0.5573613767 0.8900573614 0.0325047801 0.0248565966
0 0.8183556405 0.9015296367 0.0344168260 0.0248565966
0 0.8298279159 0.8422562141 0.0344168260 0.0325047801
0 0.8556405354 0.8537284895 0.0286806883 0.0439770554
0 0.7629063098 0.8738049713 0.0344168260 0.0305927342
0 0.7399617591 0.8938814532 0.0191204589 0.0401529637
0 0.7619502868 0.9139579350 0.0363288719 0.0382409178
0 0.7504780115 0.8087954111 0.0286806883 0.0420650096
0 0.7141491396 0.8986615679 0.0286806883 0.0344168260
0 0.7944550669 0.8231357553 0.0325047801 0.0248565966
0 0.7762906310 0.8479923518 0.0382409178 0.0210325048
0 0.9598470363 0.8011472275 0.0267686424 0.0305927342
0 0.8604206501 0.8910133843 0.0344168260 0.0382409178
0 0.9894837476 0.8116634799 0.0210325048 0.0363288719
0 0.9110898662 0.9072657744 0.0363288719 0.0286806883
0 0.9282982792 0.8948374761 0.0248565966 0.0305927342
0 0.9760994264 0.8996175908 0.0172084130 0.0401529637
0 0.9550669216 0.8967495220 0.0172084130 0.0382409178
0 0.9722753346 0.8642447419 0.0401529637 0.0382409178
0 0.8833652008 0.8977055449 0.0191204589 0.0286806883
0 0.9923518164 0.8948374761 0.0152963671 0.0305927342
0 0.5956022945 0.9435946463 0.0592734226 0.0401529637
0 0.6137667304 0.9923518164 0.0344168260 0.0152963671
0 0.6921606119 0.9493307839 0.0382409178 0.0248565966
0 0.6500956023 0.9923518164 0.0305927342 0.0152963671
0 0.7380497132 0.9694072658 0.0267686424 0.0420650096
0 0.7533460803 0.9913957935 0.0267686424 0.0172084130
0 0.8518164436 0.9875717017 0.0325047801 0.0248565966
0 0.8269598470 0.9780114723 0.0286806883 0.0363288719
0 0.7963671128 0.9674952199 0.0478011472 0.0305927342
0 0.8499043977 0.9493307839 0.0363288719 0.0210325048
0 0.8145315488 0.9349904398 0.0344168260 0.0344168260
0 0.7112810707 0.9302103250 0.0305927342 0.0325047801
0 0.9244741874 0.9942638623 0.0363288719 0.0114722753
0 0.9120458891 0.9388145315 0.0382409178 0.0191204589
0 0.9636711281 0.9885277247 0.0191204589 0.0229445507
0 0.8642447419 0.9608030593 0.0382409178 0.0286806883
0 0.9005736138 0.9837476099 0.0267686424 0.0325047801
0 0.9502868069 0.9349904398 0.0458891013 0.0191204589
0 0.9120458891 0.9598470363 0.0382409178 0.0267686424
0 0.9120458891 0.9598470363 0.0382409178 0.0267686424
