0 0.6217821782 0.6019801980 0.0277227723 0.0316831683
0 0.5712871287 0.6079207921 0.0297029703 0.0237623762
0 0.5306930693 0.5138613861 0.0237623762 0.0257425743
0 0.5158415842 0.4861386139 0.0297029703 0.0257425743
0 0.6356435644 0.5188118812 0.0277227723 0.0277227723
0 0.7039603960 0.5316831683 0.0217821782 0.0257425743
0 0.7217821782 0.6514851485 0.0336633663 0.0316831683
0 0.3910891089 0.6128712871 0.0376237624 0.0376237624
0 0.3544554455 0.6128712871 0.0316831683 0.0376237624
0 0.3138613861 0.5009900990 0.0376237624 0.0396039604
0 0.4188118812 0.4891089109 0.0336633663 0.0316831683
0 0.5247524752 0.5465346535 0.0356435644 0.0277227723
0 0.4217821782 0.6990099010 0.0316831683 0.0316831683
0 0.3871287129 0.7079207921 0.0297029703 0.0336633663
0 0.4752475248 0.7316831683 0.0277227723 0.0415841584
0 0.4346534653 0.7544554455 0.0415841584 0.0396039604
0 0.4930693069 0.7801980198 0.0396039604 0.0316831683
0 0.5772277228 0.7396039604 0.0415841584 0.0376237624
0 0.5801980198 0.7742574257 0.0356435644 0.0356435644
0 0.7534653465 0.8297029703 0.0217821782 0.0475247525
0 0.7792079208 0.8386138614 0.0336633663 0.0336633663
0 0.8613861386 0.7811881188 0.0356435644 0.0336633663
0 0.9673267327 0.8039603960 0.0336633663 0.0514851485
0 0.1168316832 0.7277227723 0.0435643564 0.0534653465
0 0.1702970297 0.7188118812 0.0435643564 0.0396039604
0 0.2415841584 0.7277227723 0.0356435644 0.0376237624
0 0.1841584158 0.8871287129 0.0356435644 0.0316831683
0 0.1396039604 0.8039603960 0.0415841584 0.0277227723
0 0.0485148515 0.8940594059 0.0415841584 0.0455445545
0 0.2653465347 0.9257425743 0.0435643564 0.0415841584
0 0.3297029703 0.8990099010 0.0376237624 0.0396039604
0 0.7000000000 0.9217821782 0.0376237624 0.0415841584
0 0.7623762376 0.9762376238 0.0396039604 0.0475247525
0 0.0168316832 0.3574257426 0.0336633663 0.0297029703
0 0.0811881188 0.4504950495 0.0356435644 0.0297029703
0 0.0396039604 0.5663366337 0.0316831683 0.0237623762
0 0.2603960396 0.2782178218 0.0336633663 0.0297029703
0 0.3514851485 0.2970297030 0.0336633663 0.0277227723
0 0.3851485149 0.3188118812 0.0257425743 0.0316831683
0 0.4485148515 0.2762376238 0.0336633663 0.0297029703
0 0.9881188119 0.5702970297 0.0198019802 0.0316831683
0 0.8178217822 0.4267326733 0.0237623762 0.0336633663
0 0.7534653465 0.3950495050 0.0217821782 0.0336633663
0 0.7217821782 0.3821782178 0.0257425743 0.0277227723
0 0.7792079208 0.3287128713 0.0217821782 0.0316831683
0 0.7950495050 0.2722772277 0.0257425743 0.0297029703
0 0.7970297030 0.1148514851 0.0297029703 0.0277227723
0 0.8366336634 0.1148514851 0.0257425743 0.0396039604
0 0.7128712871 0.2178217822 0.0316831683 0.0356435644
0 0.5613861386 0.0742574257 0.0297029703 0.0336633663
0 0.4049504950 0.0782178218 0.0336633663 0.0376237624
0 0.0326732673 0.0792079208 0.0376237624 0.0316831683
0 0.3257425743 0.1059405941 0.0217821782 0.0336633663
0 0.3178217822 0.0584158416 0.0297029703 0.0297029703
0 0.0891089109 0.1277227723 0.0277227723 0.0336633663
0 0.0534653465 0.0267326733 0.0316831683 0.0297029703
0 0.0534653465 0.0267326733 0.0316831683 0.0297029703
