0 0.2479579930 0.0758459743 0.0431738623 0.0373395566
0 0.3634772462 0.0641773629 0.0338389732 0.0466744457
0 0.6656942824 0.0589264877 0.0501750292 0.0478413069
0 0.8063010502 0.0530921820 0.0560093349 0.0455075846
0 0.8926487748 0.1026837806 0.0396732789 0.0466744457
0 0.9381563594 0.0822637106 0.0466744457 0.0408401400
0 0.9929988331 0.0828471412 0.0140023337 0.0373395566
0 0.2765460910 0.1569428238 0.0490081680 0.0408401400
0 0.4346557760 0.1621936989 0.0455075846 0.0420070012
0 0.8150525088 0.2327887981 0.0548424737 0.0315052509
0 0.8908984831 0.2532088681 0.0455075846 0.0350058343
0 0.9918319720 0.2193698950 0.0163360560 0.0303383897
0 0.1995332555 0.2631271879 0.0303383897 0.0291715286
0 0.1802800467 0.3121353559 0.0315052509 0.0268378063
0 0.3453908985 0.2613768961 0.0420070012 0.0396732789
0 0.4387397900 0.2800466744 0.0490081680 0.0443407235
0 0.8862310385 0.3576429405 0.0478413069 0.0315052509
0 0.1715285881 0.3973162194 0.0396732789 0.0338389732
0 0.2252042007 0.4463243874 0.0350058343 0.0525087515
0 0.3465577596 0.4364060677 0.0326721120 0.0466744457
0 0.3109684947 0.4089848308 0.0268378063 0.0408401400
0 0.5035005834 0.3821470245 0.0408401400 0.0431738623
0 0.6470245041 0.3809801634 0.0595099183 0.0385064177
0 0.8891481914 0.4346557760 0.0536756126 0.0501750292
0 0.3523920653 0.5525087515 0.0373395566 0.0385064177
0 0.4369894982 0.5140023337 0.0431738623 0.0408401400
0 0.3016336056 0.6120186698 0.0291715286 0.0291715286
0 0.3325554259 0.6382730455 0.0303383897 0.0210035006
0 0.3138856476 0.6540256709 0.0326721120 0.0291715286
0 0.3255542590 0.5770128355 0.0350058343 0.0291715286
0 0.4422403734 0.6581096849 0.0350058343 0.0396732789
0 0.5519253209 0.5787631272 0.0280046674 0.0466744457
0 0.5746791132 0.6365227538 0.0408401400 0.0455075846
0 0.5215869312 0.6306884481 0.0350058343 0.0408401400
0 0.9445740957 0.6009334889 0.0455075846 0.0303383897
0 0.9609101517 0.6656942824 0.0385064177 0.0478413069
0 0.2520420070 0.7117852975 0.0280046674 0.0303383897
0 0.3214702450 0.6977829638 0.0268378063 0.0466744457
0 0.2940490082 0.7281213536 0.0210035006 0.0233372229
0 0.3488914819 0.7782963827 0.0420070012 0.0653442240
0 0.3483080513 0.6773628938 0.0338389732 0.0431738623
0 0.4708284714 0.7782963827 0.0291715286 0.0490081680
0 0.4988331389 0.7135355893 0.0268378063 0.0431738623
0 0.5245040840 0.7397899650 0.0361726954 0.0303383897
0 0.5869311552 0.7386231039 0.0326721120 0.0396732789
0 0.5770128355 0.6907817970 0.0338389732 0.0443407235
0 0.5507584597 0.7654609102 0.0466744457 0.0256709452
0 0.2281213536 0.7806301050 0.0291715286 0.0560093349
0 0.3121353559 0.7841306884 0.0291715286 0.0373395566
0 0.5128354726 0.8728121354 0.0455075846 0.0490081680
0 0.5460910152 0.8080513419 0.0280046674 0.0455075846
0 0.5787631272 0.8162193699 0.0326721120 0.0385064177
0 0.5805134189 0.8617269545 0.0385064177 0.0385064177
0 0.6581096849 0.8634772462 0.0210035006 0.0396732789
0 0.6330221704 0.8547257876 0.0291715286 0.0455075846
0 0.2707117853 0.8879813302 0.0233372229 0.0256709452
0 0.3045507585 0.9189031505 0.0303383897 0.0385064177
0 0.6126021004 0.8955659277 0.0326721120 0.0338389732
0 0.6715285881 0.9247374562 0.0291715286 0.0455075846
0 0.6091015169 0.9521586931 0.0326721120 0.0466744457
0 0.6301050175 0.9299883314 0.0350058343 0.0373395566
0 0.6837806301 0.9760793466 0.0396732789 0.0478413069
0 0.9264877480 0.8885647608 0.0443407235 0.0385064177
0 0.9533255543 0.9235705951 0.0350058343 0.0501750292
0 0.3162193699 0.9661610268 0.0210035006 0.0350058343
