0 0.4105392157 0.0643382353 0.0514705882 0.0575980392
0 0.4803921569 0.0661764706 0.0514705882 0.0514705882
0 0.1452205882 0.2414215686 0.0453431373 0.0392156863
0 0.2665441176 0.2291666667 0.0355392157 0.0490196078
0 0.5839460784 0.2236519608 0.0526960784 0.0502450980
0 0.7316176471 0.2175245098 0.0588235294 0.0477941176
0 0.8223039216 0.2696078431 0.0416666667 0.0490196078
0 0.8700980392 0.2481617647 0.0490196078 0.0428921569
0 0.9473039216 0.2487745098 0.0539215686 0.0392156863
0 0.1752450980 0.3265931373 0.0514705882 0.0428921569
0 0.3412990196 0.3321078431 0.0477941176 0.0441176471
0 0.7408088235 0.4062500000 0.0575980392 0.0330882353
0 0.8204656863 0.4276960784 0.0477941176 0.0367647059
0 0.9473039216 0.3921568627 0.0588235294 0.0318627451
0 0.0943627451 0.4381127451 0.0318627451 0.0306372549
0 0.0741421569 0.4895833333 0.0330882353 0.0281862745
0 0.2475490196 0.4362745098 0.0441176471 0.0416666667
0 0.3455882353 0.4558823529 0.0514705882 0.0465686275
0 0.8155637255 0.5373774510 0.0502450980 0.0330882353
0 0.0649509804 0.5790441176 0.0416666667 0.0355392157
0 0.1213235294 0.6305147059 0.0367647059 0.0551470588
0 0.2487745098 0.6200980392 0.0343137255 0.0490196078
0 0.2113970588 0.5912990196 0.0281862745 0.0428921569
0 0.4136029412 0.5631127451 0.0428921569 0.0453431373
0 0.5643382353 0.5618872549 0.0625000000 0.0404411765
0 0.8186274510 0.6182598039 0.0563725490 0.0526960784
0 0.2549019608 0.7420343137 0.0392156863 0.0404411765
0 0.3437500000 0.7015931373 0.0453431373 0.0428921569
0 0.2015931373 0.8045343137 0.0306372549 0.0306372549
0 0.2340686275 0.8321078431 0.0318627451 0.0220588235
0 0.2144607843 0.8486519608 0.0343137255 0.0306372549
0 0.2267156863 0.7677696078 0.0367647059 0.0306372549
0 0.3492647059 0.8529411765 0.0367647059 0.0416666667
0 0.4644607843 0.7696078431 0.0294117647 0.0490196078
0 0.4883578431 0.8302696078 0.0428921569 0.0477941176
0 0.4325980392 0.8241421569 0.0367647059 0.0428921569
0 0.8768382353 0.7928921569 0.0477941176 0.0318627451
0 0.8939950980 0.8609068627 0.0404411765 0.0502450980
0 0.1495098039 0.9093137255 0.0294117647 0.0318627451
0 0.2224264706 0.8946078431 0.0281862745 0.0490196078
0 0.1936274510 0.9264705882 0.0220588235 0.0245098039
0 0.2512254902 0.9724264706 0.0441176471 0.0551470588
0 0.2506127451 0.8731617647 0.0355392157 0.0453431373
0 0.3792892157 0.9767156863 0.0306372549 0.0465686275
0 0.4087009804 0.9111519608 0.0281862745 0.0453431373
0 0.4356617647 0.9387254902 0.0379901961 0.0318627451
0 0.5012254902 0.9375000000 0.0343137255 0.0416666667
0 0.4908088235 0.8872549020 0.0355392157 0.0465686275
0 0.4632352941 0.9656862745 0.0490196078 0.0269607843
0 0.9846813725 0.8762254902 0.0306372549 0.0367647059
0 0.1243872549 0.9761029412 0.0306372549 0.0477941176
0 0.2126225490 0.9828431373 0.0306372549 0.0343137255
0 0.4583333333 0.9932598039 0.0294117647 0.0134803922
