0 0.5612052731 0.9444444444 0.0225988701 0.0244821092
0 0.5922787194 0.9350282486 0.0244821092 0.0244821092
0 0.5225988701 0.9529190207 0.0131826742 0.0301318267
0 0.4708097928 0.8917137476 0.0263653484 0.0169491525
0 0.4482109228 0.8926553672 0.0225988701 0.0188323917
0 0.4227871940 0.9274952919 0.0244821092 0.0244821092
0 0.3983050847 0.9227871940 0.0169491525 0.0263653484
0 0.4369114878 0.9453860640 0.0301318267 0.0225988701
0 0.4717514124 0.9745762712 0.0244821092 0.0357815443
0 0.4915254237 0.9736346516 0.0188323917 0.0301318267
0 0.5065913371 0.9821092279 0.0150659134 0.0282485876
0 0.2335216573 0.9538606403 0.0225988701 0.0395480226
0 0.1807909605 0.9877589454 0.0301318267 0.0244821092
0 0.1600753296 0.9764595104 0.0150659134 0.0282485876
0 0.1487758945 0.9642184557 0.0188323917 0.0225988701
0 0.2024482109 0.8578154426 0.0244821092 0.0244821092
0 0.1967984934 0.8333333333 0.0282485876 0.0282485876
0 0.2580037665 0.8239171375 0.0225988701 0.0244821092
0 0.2937853107 0.8116760829 0.0376647834 0.0301318267
0 0.2664783427 0.8615819209 0.0207156309 0.0320150659
0 0.2900188324 0.8559322034 0.0188323917 0.0282485876
0 0.3832391714 0.8568738230 0.0282485876 0.0263653484
0 0.4067796610 0.8380414313 0.0225988701 0.0225988701
0 0.4303201507 0.8436911488 0.0207156309 0.0225988701
0 0.4133709981 0.8182674200 0.0244821092 0.0169491525
0 0.4764595104 0.7975517891 0.0301318267 0.0207156309
0 0.4491525424 0.8210922787 0.0395480226 0.0301318267
0 0.1619585687 0.8352165725 0.0263653484 0.0207156309
0 0.1261770245 0.8361581921 0.0263653484 0.0188323917
0 0.1205273070 0.8201506591 0.0263653484 0.0244821092
0 0.3126177024 0.7627118644 0.0150659134 0.0263653484
0 0.4661016949 0.7542372881 0.0320150659 0.0244821092
0 0.3813559322 0.7372881356 0.0244821092 0.0282485876
0 0.5065913371 0.6845574388 0.0225988701 0.0207156309
0 0.5885122411 0.6854990584 0.0282485876 0.0225988701
0 0.6120527307 0.6713747646 0.0376647834 0.0282485876
0 0.6101694915 0.6450094162 0.0225988701 0.0207156309
0 0.6958568738 0.7184557439 0.0320150659 0.0282485876
0 0.6883239171 0.7457627119 0.0320150659 0.0188323917
0 0.6930320151 0.8201506591 0.0225988701 0.0282485876
0 0.7721280603 0.6751412429 0.0301318267 0.0207156309
0 0.8361581921 0.6403013183 0.0263653484 0.0188323917
0 0.9152542373 0.6290018832 0.0338983051 0.0225988701
0 0.8474576271 0.6751412429 0.0188323917 0.0207156309
0 0.8342749529 0.7372881356 0.0225988701 0.0207156309
0 0.9030131827 0.7542372881 0.0282485876 0.0244821092
0 0.9585687382 0.7570621469 0.0301318267 0.0225988701
0 0.8851224105 0.7881355932 0.0188323917 0.0282485876
0 0.0216572505 0.6647834275 0.0282485876 0.0338983051
0 0.0677966102 0.6148775895 0.0376647834 0.0207156309
0 0.0762711864 0.5903954802 0.0207156309 0.0282485876
0 0.0546139360 0.5762711864 0.0301318267 0.0263653484
0 0.0216572505 0.5847457627 0.0282485876 0.0244821092
0 0.1261770245 0.5913370998 0.0263653484 0.0263653484
0 0.2080979284 0.5932203390 0.0169491525 0.0301318267
0 0.2354048964 0.6158192090 0.0150659134 0.0301318267
0 0.2655367232 0.5574387947 0.0263653484 0.0225988701
0 0.2740112994 0.5273069680 0.0207156309 0.0263653484
0 0.2928436911 0.5470809793 0.0207156309 0.0282485876
0 0.3898305085 0.6120527307 0.0225988701 0.0301318267
0 0.0574387947 0.4887005650 0.0320150659 0.0207156309
0 0.0555555556 0.5131826742 0.0207156309 0.0282485876
0 0.0470809793 0.5376647834 0.0263653484 0.0244821092
0 0.0367231638 0.5000000000 0.0207156309 0.0320150659
0 0.0517890772 0.4105461394 0.0244821092 0.0301318267
0 0.0772128060 0.4020715631 0.0225988701 0.0320150659
0 0.1751412429 0.4990583804 0.0188323917 0.0263653484
0 0.2580037665 0.4190207156 0.0225988701 0.0244821092
0 0.6148775895 0.4821092279 0.0207156309 0.0338983051
0 0.6478342750 0.4199623352 0.0301318267 0.0263653484
0 0.6685499058 0.4406779661 0.0338983051 0.0301318267
0 0.8267419962 0.4981167608 0.0263653484 0.0282485876
0 0.8568738230 0.4726930320 0.0263653484 0.0225988701
0 0.8775894539 0.5367231638 0.0225988701 0.0263653484
0 0.7212806026 0.5517890772 0.0263653484 0.0150659134
0 0.9114877589 0.3418079096 0.0263653484 0.0244821092
0 0.2203389831 0.1007532957 0.0376647834 0.0395480226
0 0.3003766478 0.2033898305 0.0320150659 0.0376647834
0 0.5009416196 0.1252354049 0.0263653484 0.0244821092
0 0.4114877589 0.7156308851 0.0207156309 0.0225988701
0 0.3587570621 0.7212806026 0.0169491525 0.0263653484
0 0.4416195857 0.6760828625 0.0207156309 0.0263653484
0 0.7966101695 0.4736346516 0.0225988701 0.0207156309
0 0.7966101695 0.4736346516 0.0225988701 0.0207156309
