0 0.0176125245 0.0078277886 0.0352250489 0.0156555773
0 0.1360078278 0.0146771037 0.0332681018 0.0293542074
0 0.4823874755 0.0136986301 0.0254403131 0.0273972603
0 0.4334637965 0.0195694716 0.0489236791 0.0391389432
0 0.5410958904 0.0166340509 0.0684931507 0.0332681018
0 0.6722113503 0.0244618395 0.0802348337 0.0489236791
0 0.7896281800 0.0215264188 0.0254403131 0.0313111546
0 0.8522504892 0.0195694716 0.0332681018 0.0313111546
0 0.9833659491 0.0146771037 0.0332681018 0.0254403131
0 0.0518590998 0.0371819961 0.0293542074 0.0313111546
0 0.0107632094 0.0430528376 0.0215264188 0.0273972603
0 0.2553816047 0.0332681018 0.0645792564 0.0665362035
0 0.1868884540 0.0459882583 0.0332681018 0.0293542074
0 0.1428571429 0.0547945205 0.0273972603 0.0273972603
0 0.4031311155 0.0782778865 0.0234833659 0.0313111546
0 0.5195694716 0.0782778865 0.0841487280 0.0430528376
0 0.6252446184 0.0479452055 0.0254403131 0.0293542074
0 0.7309197652 0.0714285714 0.0332681018 0.0371819961
0 0.8033268102 0.0694716243 0.0254403131 0.0410958904
0 0.0088062622 0.1457925636 0.0176125245 0.0293542074
0 0.1007827789 0.1487279843 0.0371819961 0.0430528376
0 0.2093933464 0.1379647750 0.0313111546 0.0371819961
0 0.2632093933 0.1017612524 0.0606653620 0.0587084149
0 0.3600782779 0.1389432485 0.0391389432 0.0508806262
0 0.2896281800 0.1624266145 0.0430528376 0.0313111546
0 0.4677103718 0.1105675147 0.0313111546 0.0410958904
0 0.5107632094 0.1281800391 0.0352250489 0.0528375734
0 0.4324853229 0.0998043053 0.0313111546 0.0352250489
0 0.5440313112 0.1301369863 0.0313111546 0.0332681018
0 0.5753424658 0.1409001957 0.0313111546 0.0273972603
0 0.7270058708 0.1281800391 0.0410958904 0.0332681018
0 0.9647749511 0.0998043053 0.0587084149 0.0508806262
0 0.0381604697 0.1859099804 0.0763209393 0.0391389432
0 0.2211350294 0.1927592955 0.0273972603 0.0410958904
0 0.2710371820 0.2054794521 0.0371819961 0.0234833659
0 0.3356164384 0.2240704501 0.0410958904 0.0254403131
0 0.4549902153 0.1741682975 0.0567514677 0.0508806262
0 0.4295499022 0.2123287671 0.0528375734 0.0410958904
0 0.5655577299 0.2005870841 0.0391389432 0.0332681018
0 0.0772994129 0.2495107632 0.0293542074 0.0293542074
0 0.1115459883 0.2504892368 0.0352250489 0.0313111546
0 0.1868884540 0.3043052838 0.0332681018 0.0450097847
0 0.1585127202 0.2485322896 0.0313111546 0.0352250489
0 0.2778864971 0.2906066536 0.0430528376 0.0450097847
0 0.3287671233 0.2563600783 0.0430528376 0.0391389432
0 0.4246575342 0.2896281800 0.0430528376 0.0352250489
0 0.4716242661 0.2964774951 0.0508806262 0.0606653620
0 0.5587084149 0.2573385519 0.0293542074 0.0215264188
0 0.6125244618 0.2407045010 0.0430528376 0.0352250489
0 0.6360078278 0.2759295499 0.0352250489 0.0352250489
0 0.6761252446 0.2592954990 0.0410958904 0.0645792564
0 0.7818003914 0.2348336595 0.0371819961 0.0587084149
0 0.3630136986 0.3238747554 0.0645792564 0.0684931507
0 0.5078277886 0.3747553816 0.0332681018 0.0332681018
0 0.4197651663 0.3454011742 0.0567514677 0.0606653620
0 0.5988258317 0.3365949119 0.0508806262 0.0665362035
0 0.5352250489 0.3268101761 0.0332681018 0.0430528376
0 0.7260273973 0.3062622309 0.0391389432 0.0332681018
0 0.9784735812 0.3512720157 0.0273972603 0.0332681018
0 0.2289628180 0.3982387476 0.0273972603 0.0293542074
0 0.1624266145 0.4109589041 0.0469667319 0.0430528376
0 0.3718199609 0.3943248532 0.0195694716 0.0371819961
0 0.3336594912 0.4266144814 0.0254403131 0.0313111546
0 0.4138943249 0.4011741683 0.0450097847 0.0547945205
0 0.4500978474 0.4129158513 0.0273972603 0.0547945205
0 0.6086105675 0.3962818004 0.0313111546 0.0332681018
0 0.5538160470 0.4227005871 0.0352250489 0.0391389432
0 0.8043052838 0.4041095890 0.0352250489 0.0371819961
0 0.9941291585 0.3894324853 0.0117416830 0.0547945205
0 0.0929549902 0.5068493151 0.0254403131 0.0273972603
0 0.2426614481 0.4569471624 0.0313111546 0.0332681018
0 0.1536203523 0.4794520548 0.0528375734 0.0430528376
0 0.1927592955 0.4491193738 0.0254403131 0.0410958904
0 0.3590998043 0.4686888454 0.0254403131 0.0410958904
0 0.5029354207 0.4677103718 0.0313111546 0.0391389432
0 0.4373776908 0.4637964775 0.0293542074 0.0313111546
0 0.5459882583 0.4823874755 0.0313111546 0.0410958904
0 0.6135029354 0.4843444227 0.0254403131 0.0371819961
0 0.7700587084 0.4843444227 0.0332681018 0.0293542074
0 0.0107632094 0.5420743640 0.0215264188 0.0234833659
0 0.2191780822 0.5450097847 0.0508806262 0.0567514677
0 0.1643835616 0.5322896282 0.0313111546 0.0234833659
0 0.5000000000 0.5518590998 0.0606653620 0.0352250489
0 0.5596868885 0.5342465753 0.0352250489 0.0430528376
0 0.7544031311 0.5479452055 0.0293542074 0.0430528376
0 0.8816046967 0.5547945205 0.0293542074 0.0254403131
0 0.9784735812 0.5283757339 0.0430528376 0.0508806262
0 0.0264187867 0.6174168297 0.0410958904 0.0332681018
0 0.1154598826 0.6007827789 0.0430528376 0.0587084149
0 0.1252446184 0.6506849315 0.0313111546 0.0332681018
0 0.2377690802 0.6389432485 0.0254403131 0.0293542074
0 0.2896281800 0.6438356164 0.0430528376 0.0508806262
0 0.4755381605 0.6095890411 0.0626223092 0.0450097847
0 0.6497064579 0.6330724070 0.0430528376 0.0606653620
0 0.7025440313 0.6389432485 0.0391389432 0.0371819961
0 0.9892367906 0.6174168297 0.0215264188 0.0528375734
0 0.9266144814 0.6164383562 0.0215264188 0.0313111546
0 0.9530332681 0.5929549902 0.0234833659 0.0313111546
0 0.0763209393 0.7133072407 0.0313111546 0.0332681018
0 0.1790606654 0.6653620352 0.0489236791 0.0469667319
0 0.2015655577 0.7133072407 0.0665362035 0.0606653620
0 0.3072407045 0.6898238748 0.0391389432 0.0410958904
0 0.5861056751 0.6624266145 0.0371819961 0.0332681018
0 0.5802348337 0.6986301370 0.0410958904 0.0273972603
0 0.5342465753 0.6868884540 0.0391389432 0.0704500978
0 0.7592954990 0.7054794521 0.0391389432 0.0450097847
0 0.0088062622 0.7465753425 0.0176125245 0.0371819961
0 0.1174168297 0.7475538160 0.0273972603 0.0273972603
0 0.2172211350 0.7504892368 0.0273972603 0.0410958904
0 0.2358121331 0.7896281800 0.0371819961 0.0410958904
0 0.3033268102 0.7426614481 0.0391389432 0.0332681018
0 0.4412915851 0.7553816047 0.0410958904 0.0626223092
0 0.3943248532 0.7632093933 0.0371819961 0.0273972603
0 0.0097847358 0.8483365949 0.0195694716 0.0567514677
0 0.1232876712 0.8424657534 0.0508806262 0.0450097847
0 0.4041095890 0.8170254403 0.0371819961 0.0371819961
0 0.0655577299 0.9187866928 0.0450097847 0.0332681018
0 0.0234833659 0.8855185910 0.0391389432 0.0450097847
0 0.1682974560 0.8786692759 0.0626223092 0.0313111546
0 0.1604696673 0.9266144814 0.0626223092 0.0410958904
0 0.3091976517 0.9031311155 0.0626223092 0.0450097847
0 0.0058708415 0.9530332681 0.0117416830 0.0313111546
0 0.0313111546 0.9902152642 0.0547945205 0.0195694716
0 0.3228962818 0.5048923679 0.0313111546 0.0352250489
0 0.2984344423 0.4647749511 0.0215264188 0.0293542074
0 0.3522504892 0.0518590998 0.0391389432 0.0371819961
0 0.0078277886 0.3111545988 0.0156555773 0.0234833659
0 0.0195694716 0.4256360078 0.0234833659 0.0215264188
0 0.6663405088 0.5342465753 0.0528375734 0.0587084149
0 0.6467710372 0.4980430528 0.0215264188 0.0254403131
0 0.9452054795 0.6594911937 0.0939334638 0.0469667319
0 0.7230919765 0.2514677104 0.0371819961 0.0332681018
0 0.7416829746 0.2113502935 0.0273972603 0.0391389432
0 0.7054794521 0.2162426614 0.0371819961 0.0332681018
0 0.7035225049 0.1712328767 0.0215264188 0.0254403131
0 0.6780821918 0.1614481409 0.0215264188 0.0254403131
0 0.6731898239 0.1017612524 0.0508806262 0.0665362035
0 0.6731898239 0.1017612524 0.0508806262 0.0665362035
